10000 10000 5000
0 109 115 109
0 115 2117 115
0 119 108 119
0 12 875 12
0 123 108 123
0 133 10 133
0 147 3291 147
0 149 2562 149
0 154 3291 154
0 155 2473 155
0 156 12 156
0 157 2473 157
0 160 3291 160
0 1638 3291 1638
0 1653 773 1653
0 170 53 170
0 1720 3047 1720
0 177 53 177
0 1772 3291 1772
0 1785 1 1785
0 182 53 182
0 186 53 186
0 19 1015 19
0 203 3291 203
0 2037 3 2037
0 2090 3 2090
0 2094 3 2094
0 2102 3 2102
0 2106 3 2106
0 2118 3 2118
0 2144 3 2144
0 2227 3 2227
0 259 3291 259
0 2672 3 2672
0 271 3291 271
0 272 2944 272
0 273 3291 273
0 276 111 276
0 277 3291 277
0 2934 3 2934
0 35 1015 35
0 37 1015 37
0 3815 873 3815
0 3847 26 3847
0 4128 873 4128
0 43 1015 43
0 45 1015 45
0 51 3291 51
0 5337 873 5337
0 5355 303 5355
0 5436 303 5436
0 5437 303 5437
0 5438 303 5438
0 5440 303 5440
0 5441 303 5441
0 5443 303 5443
0 5473 6848 5473
0 5677 3990 5677
0 5768 3990 5768
0 5874 3990 5874
0 7622 3990 7622
0 7648 3990 7648
0 7671 6848 7671
0 8507 3319 8507
0 8535 3319 8535
0 8664 3319 8664
0 8979 113 8979
0 9823 6848 9823
0 9824 141 9824
0 9847 141 9847
0 9869 93 9869
0 9873 41 9873
0 9875 19 9875
0 9876 93 9876
0 9880 52 9880
0 9881 52 9881
0 9885 52 9885
0 9891 6848 9891
0 9931 2500 9931
0 9961 2500 9961
0 9981 2500 9981
0 9990 2500 9990
0 9991 256 9991
1 1772 1 2037
1 1983 2 1983
1 2102 1 2106
10 123 10 147
10 155 10 156
100 140 100 144
100 276 100 277
1013 160 1013 203
1013 164 1024 164
1013 170 1036 170
1013 179 1036 179
1013 191 1111 191
1013 192 1023 192
1013 198 1111 198
1013 199 1111 199
1013 201 1111 201
1013 202 1111 202
1015 0 1015 51
1015 170 1015 179
1015 19 1032 19
1015 22 1032 22
1015 33 1032 33
1016 191 1016 192
1017 160 1017 164
1017 191 1017 192
1019 191 1019 192
1020 22 1020 33
1021 191 1021 192
1022 192 1022 198
1022 33 1022 51
1023 191 1023 198
1024 160 1024 170
1026 1772 1026 5473
1029 179 1029 191
1029 180 1034 180
1029 182 1034 182
1029 187 1034 187
1029 190 1034 190
103 9824 103 9847
103 9825 141 9825
103 9847 103 9891
103 9867 131 9867
103 9889 131 9889
103 9890 131 9890
1030 190 1030 191
1030 191 1030 198
1030 194 1031 194
1031 191 1031 198
1032 0 1032 51
1033 190 1033 191
1034 179 1034 191
1034 180 1035 180
1034 182 1035 182
1034 183 1035 183
1034 184 1035 184
1034 185 1035 185
1034 186 1035 186
1034 190 1035 190
1035 179 1035 191
1036 160 1036 191
1036 189 1111 189
1038 202 1038 203
104 144 104 145
104 273 104 276
1040 1251 1040 1638
1040 1399 3291 1399
1043 160 1043 189
1046 191 1046 198
1052 160 1052 189
1052 162 1063 162
1058 202 1058 203
1059 189 1059 191
1063 160 1063 189
1063 198 1063 199
1068 133 1068 147
1068 198 1068 199
1069 1015 1069 1150
1069 198 1069 199
1072 160 1072 189
1072 183 1111 183
1075 198 1075 199
108 115 108 147
108 133 1363 133
1084 202 1084 203
1085 160 1085 183
1085 202 1085 203
1086 202 1086 203
1087 202 1087 203
1088 202 1088 203
1089 202 1089 203
1090 202 1090 203
1091 202 1091 203
11 155 11 156
1101 202 1101 203
1103 1772 1103 5473
1104 202 1104 203
1106 51 1106 115
1106 86 2117 86
1108 198 1108 199
111 273 111 277
1110 198 1110 199
1111 160 1111 203
1111 181 3291 181
1111 194 1332 194
1111 200 3291 200
113 8664 113 9823
115 51 115 115
115 9823 115 9824
12 155 12 157
1258 9981 1258 9990
126 9825 126 9847
128 9823 128 9824
13 123 13 147
13 130 26 130
13 134 26 134
13 135 26 135
13 136 26 136
13 137 26 137
13 138 26 138
13 144 14 144
1307 1772 1307 5473
131 9847 131 9891
131 9859 141 9859
1311 194 1311 200
1332 181 1332 200
1332 199 3291 199
1336 1772 1336 5473
1341 133 1341 147
1344 1772 1344 5473
1352 1772 1352 5473
1353 1772 1353 5473
1354 1772 1354 5473
1354 1966 1355 1966
1354 2296 1355 2296
1354 5152 1355 5152
1354 5379 1355 5379
1354 5407 1355 5407
1354 5421 1355 5421
1354 5438 1355 5438
1355 1772 1355 5473
1355 5080 1356 5080
1356 1772 1356 5473
1356 2358 1357 2358
1356 4277 1357 4277
1356 4499 1357 4499
1356 4600 1357 4600
1356 5238 1357 5238
1356 5240 1357 5240
1356 5241 1357 5241
1356 5242 1357 5242
1356 5244 1357 5244
1356 5264 1357 5264
1356 5450 1357 5450
1356 5451 1357 5451
1356 5457 1357 5457
1356 5463 1357 5463
1356 5467 1357 5467
1357 1772 1357 5473
1357 2171 1955 2171
1357 2196 1955 2196
1357 2442 1775 2442
1357 3644 1955 3644
1357 3755 1639 3755
1357 4402 1639 4402
1357 5256 1955 5256
1357 5257 1367 5257
1357 5262 1367 5262
1357 5273 1955 5273
1357 5311 1955 5311
1357 5313 1955 5313
1363 115 1363 147
1367 5256 1367 5273
14 136 14 137
14 138 14 147
1400 160 1400 181
1400 178 1489 178
1400 180 1489 180
141 9823 141 9891
141 9824 187 9824
141 9825 220 9825
141 9826 196 9826
141 9829 196 9829
141 9834 196 9834
141 9838 220 9838
141 9862 220 9862
141 9873 150 9873
141 9882 150 9882
1457 9824 1457 9891
1457 9864 2417 9864
1473 1689 1473 1720
1489 160 1489 181
1489 179 2027 179
15 1772 15 3815
15 2027 16 2027
15 2116 16 2116
15 2208 16 2208
15 2949 16 2949
150 9862 150 9891
1502 1015 1502 1150
1507 160 1507 179
152 9824 152 9825
1541 160 1541 179
1555 2196 1555 2442
1595 1638 1595 1689
16 1772 16 3815
16 9823 16 9824
1617 8664 1617 9823
1639 3644 1639 5256
1639 3924 1640 3924
1639 5059 1640 5059
1640 3644 1640 5256
1640 4562 1685 4562
1645 2442 1645 3644
1656 3644 1656 4562
1658 8664 1658 9823
1658 9551 1921 9551
1659 2171 1659 2196
1675 4562 1675 5256
168 9823 168 9824
1685 3644 1685 5256
1685 5106 1760 5106
1697 5106 1697 5256
17 9823 17 9824
174 1772 174 3815
175 277 175 1638
1752 5106 1752 5256
1760 3644 1760 5256
1775 2196 1775 3644
1775 2320 1955 2320
1778 3644 1778 5256
1778 4817 1955 4817
1778 5206 1955 5206
179 5443 179 5473
179 5445 289 5445
179 5471 289 5471
179 5472 203 5472
18 136 18 137
18 9823 18 9824
1802 1150 1802 1251
1805 115 1805 147
184 5472 184 5473
187 9823 187 9825
1874 5206 1874 5256
188 5472 188 5473
1895 2171 1895 2196
19 9873 19 9876
19 9874 41 9874
1906 9990 1906 10000
1906 9998 2206 9998
1910 160 1910 179
1910 173 2027 173
192 5471 192 5472
1921 8664 1921 9823
1929 5256 1929 5273
1929 5259 1953 5259
193 5471 193 5472
1944 4817 1944 5206
1944 4870 1955 4870
1947 5259 1947 5273
1953 5256 1953 5273
1955 1772 1955 5473
1955 5287 2025 5287
196 1772 196 3815
196 1788 199 1788
196 1814 199 1814
196 2044 199 2044
196 2216 199 2216
196 2221 199 2221
196 2422 199 2422
196 2443 199 2443
196 2462 199 2462
196 2551 197 2551
196 3749 197 3749
196 3753 197 3753
196 3754 197 3754
196 5471 196 5472
196 9825 196 9838
196 9826 198 9826
196 9827 198 9827
196 9828 197 9828
196 9830 198 9830
197 2221 197 2422
197 2422 197 2443
197 2462 197 3815
197 3050 199 3050
197 3427 199 3427
197 9826 197 9827
197 9827 197 9830
198 1814 198 2044
198 2422 198 2443
198 3427 198 3815
198 3726 199 3726
198 9825 198 9838
198 9826 220 9826
198 9828 220 9828
198 9830 220 9830
198 9832 220 9832
198 9833 220 9833
198 9836 220 9836
199 1772 199 3815
199 3059 202 3059
2 133 2 147
2 155 2 156
2 1772 2 2037
2 1928 3 1928
2 1937 3 1937
2 1984 3 1984
2 2033 3 2033
2 2034 3 2034
2 2106 2 2118
2 2111 3 2111
2 9823 2 9824
20 9823 20 9824
200 3059 200 3815
200 3355 202 3355
201 5471 201 5472
201 5472 201 5473
202 1772 202 3815
202 2761 211 2761
202 2901 211 2901
202 3694 209 3694
202 5471 202 5472
2025 1772 2025 5473
2025 1830 3291 1830
2025 1850 3291 1850
2025 1891 3291 1891
2025 1951 3291 1951
2025 1953 3291 1953
2025 2003 3291 2003
2025 2640 3291 2640
2025 2752 3291 2752
2027 160 2027 181
203 5471 203 5473
203 5472 289 5472
2051 115 2051 147
2051 123 2117 123
2073 9998 2073 10000
2074 9998 2074 10000
208 3694 208 3815
208 3802 209 3802
208 3805 209 3805
208 9823 208 9825
208 9824 219 9824
2089 9998 2089 10000
209 2901 209 3815
209 9836 209 9838
209 9837 220 9837
2093 149 2093 154
2099 9990 2099 9998
21 1772 21 3815
21 1949 40 1949
21 1961 68 1961
21 1990 54 1990
21 2098 68 2098
21 2109 22 2109
21 2122 22 2122
21 2245 22 2245
21 3030 22 3030
21 3115 68 3115
21 3116 24 3116
21 3117 24 3117
21 3118 24 3118
21 3160 24 3160
21 3163 24 3163
21 3166 22 3166
21 3172 24 3172
21 3177 24 3177
21 3242 59 3242
21 3528 53 3528
21 3746 59 3746
21 3756 54 3756
21 3801 54 3801
21 9823 21 9824
210 1772 210 2761
211 1772 211 3815
211 2169 224 2169
211 2184 224 2184
211 2315 319 2315
211 2371 319 2371
211 3129 319 3129
211 9824 211 9825
2117 51 2117 147
212 9838 212 9862
213 9823 213 9824
214 12 214 19
214 14 875 14
214 9824 214 9825
2146 9931 2146 9961
216 9838 216 9862
216 9855 220 9855
2175 160 2175 181
219 9823 219 9825
219 9824 220 9824
219 9855 219 9862
219 9858 220 9858
2198 203 2198 259
2198 252 3291 252
22 2098 22 3115
22 2333 68 2333
22 2432 68 2432
22 2584 68 2584
22 3163 22 3172
22 3177 22 3242
22 9823 22 9824
220 9823 220 9891
220 9824 2417 9824
220 9846 1457 9846
220 9890 1457 9890
2206 9990 2206 10000
2215 160 2215 181
2215 163 2515 163
2215 176 2515 176
224 1772 224 2315
224 2037 319 2037
224 2264 319 2264
2245 1150 2245 1251
225 51 225 115
226 12 226 14
2293 8664 2293 9823
23 3115 23 3116
2314 160 2314 163
232 12 232 14
233 9846 233 9890
2348 259 2348 271
2350 9823 2350 9824
2352 9823 2352 9824
2352 9990 2352 10000
2352 9991 2500 9991
2353 1720 2353 1772
2353 9823 2353 9824
237 5471 237 5472
2374 9823 2374 9824
24 3115 24 3242
24 3212 34 3212
24 3239 34 3239
24 9823 24 9824
2409 2752 2409 5473
241 19 241 35
2410 9823 2410 9824
2417 160 2417 163
2417 9823 2417 9891
2417 9858 6603 9858
2417 9861 6603 9861
2417 9868 6603 9868
2423 2752 2423 5473
2423 5153 2485 5153
2473 154 2473 160
2479 9991 2479 10000
2485 2752 2485 5473
25 136 25 137
25 3115 25 3212
25 3203 34 3203
25 9823 25 9824
2500 9891 2500 10000
2500 9892 4008 9892
2500 9895 4008 9895
2500 9902 4008 9902
2500 9905 2979 9905
2500 9906 3393 9906
2500 9909 4008 9909
2500 9914 2862 9914
2500 9915 6848 9915
2500 9964 6848 9964
2504 154 2504 160
2515 160 2515 181
2515 176 3291 176
2522 154 2522 160
2523 1638 2523 1689
2523 1639 2801 1639
2523 1640 2801 1640
2523 1644 2801 1644
2547 1638 2547 1639
2551 1640 2551 1644
256 9990 256 10000
2562 147 2562 154
259 277 259 1638
259 415 612 415
259 427 612 427
259 431 612 431
259 654 612 654
259 9823 259 9824
26 123 26 147
26 128 69 128
26 3815 26 4128
26 9823 26 9824
263 2264 263 2315
2639 1644 2639 1689
2649 1638 2649 1639
2667 1638 2667 1639
2668 1150 2668 1251
27 3815 27 4128
27 9823 27 9824
2700 1644 2700 1689
2705 9891 2705 9892
2734 9914 2734 9915
2778 277 2778 929
2778 317 3038 317
2781 5473 2781 5677
28 9823 28 9824
2801 1638 2801 1689
2801 1645 3047 1645
2830 9914 2830 9915
2862 9909 2862 9915
289 5443 289 5473
29 3815 29 4128
2909 1150 2909 1251
291 5443 291 5473
293 2315 293 2371
294 5443 294 5473
294 5466 303 5466
294 9823 294 9824
2944 271 2944 273
2944 272 3291 272
295 3815 295 4128
295 9823 295 9824
2955 51 2955 147
2979 9902 2979 9906
299 2264 299 2315
299 2294 319 2294
3 156 3 157
3 1772 3 3815
3 9823 3 9824
30 9823 30 9824
300 5466 300 5473
302 5441 302 5443
302 5442 303 5442
3021 2752 3021 5473
3021 2860 3200 2860
3021 2915 3200 2915
3021 4828 3113 4828
303 5337 303 5473
303 5345 873 5345
303 5355 873 5355
303 5385 873 5385
303 9823 303 9824
3030 2752 3030 2860
3030 2789 3115 2789
3030 2797 3115 2797
3030 2799 3200 2799
3030 2856 3200 2856
3030 2859 3200 2859
3031 1645 3031 1689
3038 277 3038 1015
3040 277 3040 1015
3042 271 3042 272
3047 1638 3047 1772
3047 1641 3155 1641
3047 1655 3155 1655
3047 1689 3291 1689
3048 1689 3048 1772
3086 2860 3086 2915
3087 1655 3087 1689
3095 1689 3095 1772
3113 2915 3113 5473
3115 2752 3115 2799
3116 1638 3116 1641
3140 277 3140 1015
3145 2752 3145 2799
3155 1638 3155 1689
3155 1669 3291 1669
3161 1638 3161 1669
3161 1669 3161 1689
3172 1689 3172 1772
3172 1690 3186 1690
3176 271 3176 272
3178 2915 3178 5473
3181 1638 3181 1669
3182 2915 3182 5473
3186 1689 3186 1772
3186 1709 3291 1709
3186 1723 3269 1723
3186 1725 3269 1725
3186 1728 3269 1728
3186 1729 3269 1729
3186 1745 3291 1745
319 1772 319 3815
319 1989 556 1989
319 2805 556 2805
319 2818 556 2818
319 2909 556 2909
319 3163 607 3163
319 3284 607 3284
319 3285 607 3285
319 3293 607 3293
319 3771 607 3771
319 5385 319 5473
32 1990 32 2098
3200 2752 3200 5473
3200 3121 3272 3121
3200 3841 3272 3841
3205 1725 3205 1728
3205 1728 3205 1729
3209 1150 3209 1251
3210 1669 3210 1689
3213 1728 3213 1729
3221 1669 3221 1689
3231 1150 3231 1251
3231 3121 3231 3841
3244 3841 3244 5473
3248 3841 3248 5473
3252 3841 3252 5473
3265 3841 3265 5473
3266 1638 3266 1669
3269 1709 3269 1745
327 2818 327 2909
327 2831 328 2831
3272 2752 3272 5473
3272 3813 3291 3813
3272 4508 3291 4508
3277 272 3277 273
3278 1150 3278 1251
3278 1181 3291 1181
3278 1233 3291 1233
3279 4508 3279 5473
328 2818 328 2909
3291 0 3291 5473
3291 4089 3394 4089
3291 691 3610 691
3291 846 6040 846
33 9823 33 9824
3319 7671 3319 9823
3319 8647 3337 8647
3319 9121 3320 9121
3319 9805 3320 9805
3319 9821 3320 9821
3320 8647 3320 9823
3321 8647 3321 9823
3321 9781 3326 9781
3326 8647 3326 9823
3326 9813 3331 9813
3326 9822 3327 9822
3327 9813 3327 9823
3327 9814 3328 9814
3327 9816 3328 9816
3328 9813 3328 9823
3329 8647 3329 9813
3331 8647 3331 9823
3331 8660 3335 8660
3331 9195 3335 9195
3331 9584 3335 9584
3333 9584 3333 9823
3335 8647 3335 9823
3335 8782 3336 8782
3335 9631 3336 9631
3335 9704 3336 9704
3335 9709 3336 9709
3335 9751 3336 9751
3336 8647 3336 9823
3336 9555 3337 9555
3337 7671 3337 9823
3337 8734 3367 8734
3337 8835 3367 8835
3367 7671 3367 9823
3374 7671 3374 9823
3393 9902 3393 9909
3394 3718 4023 3718
3394 3767 3816 3767
3394 3769 3816 3769
3394 3800 4023 3800
3394 846 3394 5473
34 3115 34 3242
34 9823 34 9824
3418 7671 3418 9823
345 9990 345 10000
35 3815 35 4128
3552 7671 3552 9823
36 9823 36 9824
3610 0 3610 846
3610 100 6040 100
3610 151 6040 151
3610 185 6040 185
3610 250 4864 250
3610 272 6040 272
3610 742 6040 742
3610 747 3655 747
3610 748 6040 748
3623 9902 3623 9909
3655 742 3655 748
3655 746 6040 746
37 1990 37 2098
37 5355 37 5436
374 2909 374 3163
377 1653 377 1720
3816 3718 3816 3800
3816 3775 3964 3775
3855 0 3855 100
3855 10 6040 10
389 2909 389 3163
39 1949 39 1961
39 3115 39 3242
3929 748 3929 846
3931 3800 3931 5473
394 19 394 35
3945 3800 3945 5473
3945 3960 3952 3960
3945 3978 3952 3978
3945 4003 3952 4003
3945 4006 4023 4006
3951 3978 3951 4003
3952 3800 3952 4006
3952 3890 4023 3890
3952 3947 4023 3947
3964 3718 3964 3800
398 2818 398 2909
3990 5473 3990 7671
3990 5622 4367 5622
3990 7490 5438 7490
3993 7490 3993 7671
3993 7504 4000 7504
4 1772 4 3815
40 1772 40 1961
40 2098 40 2333
40 2107 45 2107
40 3115 40 3242
40 3147 52 3147
4000 7490 4000 7671
4000 7517 4011 7517
4008 9891 4008 9915
4011 7490 4011 7671
4011 7542 4021 7542
4013 7490 4013 7542
4014 7490 4014 7542
4021 5622 4021 7490
4021 7490 4021 7671
4021 7498 5438 7498
4021 7501 5438 7501
4023 1095 4025 1095
4023 1123 6040 1123
4023 2402 4481 2402
4023 2437 4481 2437
4023 2447 4481 2447
4023 2453 4481 2453
4023 2661 4406 2661
4023 2825 4481 2825
4023 846 4023 5473
4023 847 6040 847
4023 848 6040 848
4023 849 6040 849
4023 850 6040 850
4023 865 4025 865
4023 867 4025 867
4023 872 4025 872
4025 850 4025 1123
4025 998 4030 998
4028 1123 4028 2402
4030 1047 6040 1047
4030 1065 6040 1065
4030 850 4030 1123
4055 1123 4055 2402
4062 5622 4062 7490
4078 5622 4078 7490
41 2107 41 2333
41 2272 45 2272
41 3528 41 3746
41 9847 41 9869
41 9866 75 9866
41 9869 41 9876
41 9870 70 9870
412 5385 412 5473
412 5386 500 5386
412 5388 500 5388
412 5390 500 5390
412 5393 500 5393
412 5394 500 5394
412 5439 500 5439
412 5455 500 5455
4122 7490 4122 7498
4129 5622 4129 7490
4129 7205 4130 7205
4130 5622 4130 7490
4137 5622 4137 7490
4142 7490 4142 7498
4157 1047 4157 1065
4183 7671 4183 9823
4183 9532 4343 9532
4183 9533 4255 9533
4183 9543 4255 9543
4183 9639 4255 9639
4191 9543 4191 9639
4191 9585 4255 9585
4210 1123 4210 2402
4221 5622 4221 7490
4221 7377 4367 7377
4235 9639 4235 9823
4255 9532 4255 9823
4258 5622 4258 7377
4262 1123 4262 2402
4262 1702 4371 1702
4263 1702 4263 2402
4284 7377 4284 7490
4295 7377 4295 7490
43 3528 43 3746
43 3633 53 3633
43 3746 43 3756
43 3815 43 4128
43 3898 295 3898
43 4021 295 4021
4312 849 4312 850
4343 7671 4343 9823
4343 9166 4410 9166
4343 9405 4410 9405
4343 9732 4388 9732
435 5386 435 5388
436 3163 436 3284
4367 5473 4367 7490
4367 5900 4421 5900
4367 6171 4421 6171
4367 6174 4440 6174
4367 7028 4440 7028
4367 7428 4440 7428
4368 2661 4368 2825
437 5386 437 5388
4371 1123 4371 2402
4388 9405 4388 9823
4388 9463 4410 9463
4392 9405 4392 9463
4399 5900 4399 6171
4405 7428 4405 7490
4406 2453 4406 2825
4410 7671 4410 9823
4412 6171 4412 6174
4413 7028 4413 7428
4419 5900 4419 6171
4421 5473 4421 6174
4421 5547 4429 5547
4421 5732 4423 5732
4421 5783 4422 5783
4421 5793 4429 5793
4421 5936 4429 5936
4421 6076 4429 6076
4422 5547 4422 5732
4422 5660 4423 5660
4422 5732 4422 5793
4422 5747 4423 5747
4423 5547 4423 5793
4423 5570 4425 5570
4423 5784 4425 5784
4425 5547 4425 5793
4425 7028 4425 7428
4425 847 4425 848
4426 5793 4426 5936
4428 7028 4428 7428
4428 7055 4430 7055
4429 5473 4429 6174
4430 7028 4430 7428
4431 7428 4431 7490
4432 5473 4432 6174
4436 7028 4436 7428
4438 6174 4438 7028
4438 6231 4439 6231
4438 6877 4439 6877
4438 6910 4439 6910
4438 6926 4439 6926
4438 6984 4439 6984
4438 7009 4439 7009
4438 7015 4439 7015
4439 6174 4439 7028
4439 6231 4440 6231
4439 6488 4440 6488
4439 6489 4440 6489
4439 6490 4440 6490
4439 6491 4440 6491
4439 6492 4440 6492
4439 6533 4440 6533
4439 6541 4440 6541
4439 6609 4440 6609
4439 6638 4440 6638
4439 6797 4440 6797
4440 5473 4440 7490
445 5385 445 5386
4481 1123 4481 5473
449 5385 449 5386
45 2098 45 2333
454 3815 454 4128
454 4087 691 4087
4571 846 4571 847
460 2818 460 2909
460 2867 556 2867
460 2874 556 2874
460 2883 556 2883
460 2899 556 2899
460 2904 556 2904
466 45 466 51
466 46 1015 46
466 47 1015 47
466 48 1015 48
466 49 1015 49
466 50 1015 50
47 5355 47 5436
47 5363 303 5363
4754 7671 4754 9823
4755 7671 4755 9823
479 45 479 46
4864 185 4864 272
4864 201 4865 201
4864 257 4865 257
4865 185 4865 272
4884 185 4884 272
4906 185 4906 272
4936 7498 4936 7501
4940 7671 4940 9823
4940 9573 5428 9573
4940 9599 5128 9599
4940 9616 5128 9616
4940 9645 5128 9645
4940 9708 5030 9708
4940 9754 5128 9754
4940 9759 5128 9759
4940 9764 5128 9764
4940 9767 5128 9767
4940 9770 5128 9770
4940 9818 5128 9818
4944 7498 4944 7501
4988 9754 4988 9759
5 1772 5 3815
50 3756 50 3801
50 9823 50 9824
500 5385 500 5473
501 1772 501 1989
5022 9818 5022 9823
5030 9645 5030 9754
5037 9645 5037 9754
505 2874 505 2883
505 2883 505 2899
5050 9645 5050 9754
5101 846 5101 847
5128 9573 5128 9823
5128 9656 5428 9656
5167 847 5167 848
52 3115 52 3242
52 9823 52 9824
52 9876 52 9891
52 9878 93 9878
52 9887 93 9887
52 9888 79 9888
5219 7671 5219 9573
5251 7671 5251 9573
5251 8434 5428 8434
5297 9656 5297 9823
53 160 53 203
53 3115 53 3242
53 3169 55 3169
53 3186 55 3186
53 3242 53 3746
5332 7671 5332 8434
54 1961 54 2098
54 3746 54 3815
54 3763 56 3763
54 3812 56 3812
54 3814 56 3814
54 9823 54 9824
5428 7671 5428 9823
5438 5473 5438 7671
5438 5474 5648 5474
5438 5475 5741 5475
5438 5645 5741 5645
5438 5654 5645 5654
5438 5669 5486 5669
5438 5673 6848 5673
5438 6365 6848 6365
5438 6396 6848 6396
5438 7215 6848 7215
5438 7586 6362 7586
5438 7620 5777 7620
5440 5474 5440 5475
5440 5475 5440 5645
5440 5569 5523 5569
5441 5474 5441 5475
5445 5474 5445 5475
5446 5474 5446 5475
5449 5474 5449 5475
5454 5474 5454 5475
5454 5645 5454 5654
5459 5474 5459 5475
5475 5645 5475 5654
548 2818 548 2867
5486 5654 5486 5673
55 3115 55 3242
55 9823 55 9824
5523 5475 5523 5645
5523 5570 5741 5570
5530 5474 5530 5475
5531 5474 5531 5475
5534 5474 5534 5475
5535 5474 5535 5475
5536 5474 5536 5475
5540 5474 5540 5475
5546 7586 5546 7620
5555 5654 5555 5673
5559 7671 5559 9823
556 1772 556 3163
5595 5645 5595 5654
5595 5649 5645 5649
5595 5651 5645 5651
56 119 56 123
56 120 96 120
56 3746 56 3815
56 3748 57 3748
56 3752 57 3752
56 3793 57 3793
56 3813 57 3813
56 9823 56 9824
5600 5474 5600 5475
561 1772 561 3163
561 2034 569 2034
561 2651 569 2651
5613 5474 5613 5475
5616 5474 5616 5475
5617 5474 5617 5475
5619 5474 5619 5475
562 2034 562 2651
5624 7671 5624 9823
5624 8469 5982 8469
5627 5654 5627 5673
5640 5645 5640 5649
5645 5645 5645 5673
5648 5473 5648 5475
5648 5474 5741 5474
5656 6365 5656 6396
5656 6386 6848 6386
566 147 566 149
566 148 715 148
568 1772 568 2034
5688 5645 5688 5673
5688 5660 5741 5660
5688 5663 5720 5663
5688 5668 5720 5668
569 1772 569 3163
569 2083 607 2083
569 2431 607 2431
569 2744 607 2744
569 3088 607 3088
5695 5660 5695 5663
57 1772 57 1961
57 3746 57 3815
5707 5474 5707 5475
5715 5473 5715 5474
5716 5473 5716 5474
5720 5660 5720 5673
573 3088 573 3163
5731 848 5731 849
5732 5645 5732 5660
5741 5473 5741 5673
5741 5670 6848 5670
5741 5672 6848 5672
5777 7586 5777 7671
5827 8469 5827 9823
5827 9645 5982 9645
59 3115 59 3815
59 3573 66 3573
590 2083 590 2431
592 3088 592 3163
592 3148 607 3148
5924 151 5924 185
5948 6386 5948 6396
5982 7671 5982 9823
5982 9745 6099 9745
6003 7671 6003 9745
6003 8781 6015 8781
6015 7671 6015 9745
603 2083 603 2431
603 2346 607 2346
6032 7671 6032 9745
604 45 604 46
6040 0 6040 5473
6040 1136 6848 1136
6040 1327 6042 1327
6040 1381 6042 1381
6040 1690 6042 1690
6040 1754 6041 1754
6040 1762 6041 1762
6040 1763 6041 1763
6040 1766 6041 1766
6040 1767 6041 1767
6040 1774 6041 1774
6040 1776 6041 1776
6040 1782 6042 1782
6040 2232 6041 2232
6040 2244 6041 2244
6040 2279 6042 2279
6040 2290 6042 2290
6040 2302 6042 2302
6040 2367 6848 2367
6040 3547 6848 3547
6040 3638 6294 3638
6040 3759 6294 3759
6040 3787 6848 3787
6040 3865 6848 3865
6040 3867 6065 3867
6040 3881 6848 3881
6040 3882 6848 3882
6040 3885 6848 3885
6040 3888 6450 3888
6040 3889 6450 3889
6040 3890 6450 3890
6040 3892 6848 3892
6040 3914 6045 3914
6040 3918 6045 3918
6040 3941 6848 3941
6040 4230 6168 4230
6040 4270 6848 4270
6040 4273 6041 4273
6040 4277 6041 4277
6040 4278 6041 4278
6040 4283 6041 4283
6040 4284 6041 4284
6040 4285 6041 4285
6040 4286 6041 4286
6040 4287 6041 4287
6040 4288 6041 4288
6040 4289 6041 4289
6040 4402 6041 4402
6040 4403 6041 4403
6040 4405 6041 4405
6040 4411 6041 4411
6040 4419 6041 4419
6040 4443 6041 4443
6040 4460 6041 4460
6040 4464 6041 4464
6040 4807 6041 4807
6040 485 6848 485
6040 4874 6041 4874
6040 4875 6041 4875
6040 4912 6041 4912
6040 4938 6041 4938
6040 4942 6041 4942
6040 4943 6046 4943
6040 4975 6041 4975
6040 4982 6041 4982
6040 4987 6041 4987
6040 5037 6041 5037
6040 5044 6041 5044
6040 5058 6041 5058
6040 5061 6041 5061
6040 5062 6041 5062
6040 5063 6041 5063
6040 5064 6041 5064
6040 5067 6041 5067
6040 5071 6041 5071
6040 5073 6042 5073
6040 5093 6041 5093
6040 5095 6041 5095
6040 5096 6041 5096
6040 5101 6042 5101
6040 5106 6042 5106
6040 5108 6042 5108
6040 5109 6042 5109
6040 5113 6042 5113
6040 5114 6042 5114
6040 5115 6041 5115
6040 5117 6042 5117
6040 5118 6042 5118
6040 5119 6041 5119
6040 5120 6041 5120
6040 5122 6041 5122
6040 5123 6041 5123
6040 5125 6848 5125
6040 5404 6070 5404
6040 546 6848 546
6040 979 6140 979
6040 985 6140 985
6041 1690 6041 1782
6041 1782 6041 2279
6041 4270 6041 4943
6041 4296 6042 4296
6041 4298 6042 4298
6041 4299 6043 4299
6041 4358 6042 4358
6041 4566 6042 4566
6041 4576 6042 4576
6041 4883 6042 4883
6041 4884 6042 4884
6041 4885 6042 4885
6041 4886 6043 4886
6041 4887 6042 4887
6041 4888 6042 4888
6041 4889 6042 4889
6041 4904 6043 4904
6041 4932 6043 4932
6041 4933 6042 4933
6041 4934 6043 4934
6041 4935 6043 4935
6041 4937 6042 4937
6041 4938 6043 4938
6041 4939 6042 4939
6041 4940 6042 4940
6041 4941 6042 4941
6041 4942 6042 4942
6041 4943 6041 5073
6041 4944 6042 4944
6041 4945 6042 4945
6041 4946 6042 4946
6041 4948 6042 4948
6041 4949 6042 4949
6041 4951 6042 4951
6041 4952 6042 4952
6041 4954 6042 4954
6041 4961 6042 4961
6041 4967 6042 4967
6041 4968 6042 4968
6041 4974 6042 4974
6041 4981 6042 4981
6041 4982 6042 4982
6041 4984 6042 4984
6041 5062 6042 5062
6041 5067 6042 5067
6041 5069 6042 5069
6041 5073 6041 5101
6041 5077 6042 5077
6041 5106 6041 5108
6041 5107 6042 5107
6041 5108 6041 5109
6041 5113 6041 5114
6041 5114 6041 5117
6041 5117 6041 5118
6041 5118 6041 5125
6041 5119 6042 5119
6041 5120 6042 5120
6041 5121 6042 5121
6041 5122 6042 5122
6041 5123 6042 5123
6041 5124 6042 5124
6042 1136 6042 2367
6042 1482 6043 1482
6042 1698 6043 1698
6042 1763 6043 1763
6042 1963 6043 1963
6042 1969 6043 1969
6042 1972 6043 1972
6042 2296 6043 2296
6042 4270 6042 4299
6042 4286 6043 4286
6042 4289 6043 4289
6042 4294 6043 4294
6042 4299 6042 4886
6042 4304 6043 4304
6042 4790 6043 4790
6042 4869 6043 4869
6042 4870 6043 4870
6042 4882 6043 4882
6042 4886 6042 4904
6042 4898 6043 4898
6042 4899 6043 4899
6042 4900 6043 4900
6042 4901 6043 4901
6042 4902 6043 4902
6042 4903 6043 4903
6042 4932 6042 4934
6042 4933 6043 4933
6042 4934 6042 4935
6042 4935 6042 4938
6042 4936 6043 4936
6042 4938 6042 4943
6042 4940 6043 4940
6042 4941 6043 4941
6042 4943 6042 5125
6042 4946 6043 4946
6042 4959 6043 4959
6042 4961 6043 4961
6042 4971 6043 4971
6042 5059 6043 5059
6042 5068 6043 5068
6042 5069 6043 5069
6042 5070 6043 5070
6042 5071 6043 5071
6042 5093 6043 5093
6042 5099 6043 5099
6042 5100 6043 5100
6042 5101 6043 5101
6042 5102 6043 5102
6042 5107 6043 5107
6042 5117 6043 5117
6042 5118 6043 5118
6042 5121 6043 5121
6042 5122 6043 5122
6043 1136 6043 2367
6043 1397 6044 1397
6043 1423 6044 1423
6043 1526 6044 1526
6043 1536 6044 1536
6043 1585 6044 1585
6043 1599 6044 1599
6043 1666 6044 1666
6043 1681 6044 1681
6043 2029 6044 2029
6043 4270 6043 4943
6043 4271 6044 4271
6043 4272 6044 4272
6043 4273 6044 4273
6043 4274 6044 4274
6043 4275 6044 4275
6043 4294 6044 4294
6043 4296 6044 4296
6043 4297 6044 4297
6043 4302 6045 4302
6043 4371 6044 4371
6043 4372 6044 4372
6043 4373 6045 4373
6043 4413 6044 4413
6043 4419 6045 4419
6043 4420 6044 4420
6043 4421 6044 4421
6043 4440 6044 4440
6043 4449 6044 4449
6043 4471 6044 4471
6043 4472 6044 4472
6043 4483 6044 4483
6043 4484 6044 4484
6043 4488 6045 4488
6043 4491 6045 4491
6043 4493 6045 4493
6043 4494 6045 4494
6043 4504 6045 4504
6043 4505 6044 4505
6043 4508 6044 4508
6043 4509 6044 4509
6043 4512 6044 4512
6043 4520 6044 4520
6043 4521 6044 4521
6043 4522 6044 4522
6043 4523 6044 4523
6043 4524 6044 4524
6043 4525 6044 4525
6043 4527 6044 4527
6043 4532 6044 4532
6043 4537 6044 4537
6043 4539 6044 4539
6043 4551 6044 4551
6043 4595 6044 4595
6043 4672 6044 4672
6043 4851 6044 4851
6043 4859 6044 4859
6043 4875 6044 4875
6043 4894 6044 4894
6043 4943 6043 5125
6043 4944 6044 4944
6043 4948 6044 4948
6043 4949 6044 4949
6043 4950 6044 4950
6043 4951 6044 4951
6043 4953 6046 4953
6043 4978 6046 4978
6044 1136 6044 2367
6044 2305 6048 2305
6044 2342 6047 2342
6044 2355 6047 2355
6044 4270 6044 4302
6044 4302 6044 4373
6044 4373 6044 4419
6044 4396 6045 4396
6044 4419 6044 4488
6044 4420 6045 4420
6044 4421 6045 4421
6044 4422 6045 4422
6044 4451 6045 4451
6044 4454 6045 4454
6044 4460 6045 4460
6044 4461 6045 4461
6044 4462 6045 4462
6044 4468 6045 4468
6044 4469 6045 4469
6044 4477 6045 4477
6044 4478 6045 4478
6044 4482 6045 4482
6044 4483 6045 4483
6044 4487 6045 4487
6044 4488 6044 4491
6044 4489 6045 4489
6044 4490 6045 4490
6044 4493 6044 4494
6044 4494 6044 4504
6044 4504 6044 4943
6044 4593 6045 4593
6044 4617 6045 4617
6044 4655 6045 4655
6044 4762 6045 4762
6044 4763 6045 4763
6044 4764 6045 4764
6044 4783 6045 4783
6044 4857 6045 4857
6044 4866 6045 4866
6044 4873 6045 4873
6044 4874 6045 4874
6044 4875 6045 4875
6044 4876 6045 4876
6044 4877 6045 4877
6044 4906 6045 4906
6044 4909 6045 4909
6044 4920 6045 4920
6044 4921 6045 4921
6044 4943 6044 4953
6044 4944 6045 4944
6044 4950 6045 4950
6045 3892 6045 3941
6045 4270 6045 4943
6045 4274 6046 4274
6045 4382 6046 4382
6045 4593 6046 4593
6045 4727 6046 4727
6045 4728 6046 4728
6045 4764 6046 4764
6045 4775 6046 4775
6045 4784 6046 4784
6045 4785 6046 4785
6045 4786 6046 4786
6045 4788 6046 4788
6045 4790 6046 4790
6045 4792 6046 4792
6045 4793 6046 4793
6045 4794 6046 4794
6045 4832 6046 4832
6045 4853 6046 4853
6045 4854 6046 4854
6045 4856 6046 4856
6045 4857 6046 4857
6045 4858 6046 4858
6045 4859 6046 4859
6045 4860 6046 4860
6045 4861 6046 4861
6045 4862 6046 4862
6045 4863 6046 4863
6045 4864 6046 4864
6045 4865 6046 4865
6045 4866 6046 4866
6045 4867 6046 4867
6045 4868 6046 4868
6045 4869 6046 4869
6045 4870 6046 4870
6045 4871 6046 4871
6045 4872 6046 4872
6045 4873 6046 4873
6045 4874 6046 4874
6045 4875 6046 4875
6045 4876 6046 4876
6045 4878 6046 4878
6045 4879 6046 4879
6045 4880 6046 4880
6045 4881 6046 4881
6045 4882 6046 4882
6045 4883 6046 4883
6045 4884 6046 4884
6045 4885 6046 4885
6045 4886 6046 4886
6045 4891 6046 4891
6045 4893 6046 4893
6045 4894 6046 4894
6045 4895 6046 4895
6045 4896 6046 4896
6045 4897 6046 4897
6045 4898 6046 4898
6045 4899 6046 4899
6045 4900 6046 4900
6045 4937 6046 4937
6045 4938 6046 4938
6045 4943 6045 4953
6045 4944 6046 4944
6045 4945 6046 4945
6045 4946 6046 4946
6045 4947 6046 4947
6045 4948 6046 4948
6045 4949 6046 4949
6045 4951 6046 4951
6045 4952 6046 4952
6045 4953 6045 4978
6046 3892 6046 3941
6046 3894 6093 3894
6046 3901 6093 3901
6046 4270 6046 5125
6046 4307 6526 4307
6046 4357 6317 4357
6046 4369 6317 4369
6046 4382 6317 4382
6046 4521 6553 4521
6047 2305 6047 2367
6047 2306 6048 2306
6047 2307 6048 2307
6047 2308 6048 2308
6047 2322 6048 2322
6047 2339 6048 2339
6047 2350 6048 2350
6047 4521 6047 5125
6048 1136 6048 2367
6048 1711 6104 1711
6048 4521 6048 5125
6054 1136 6054 1711
6055 4521 6055 5125
6065 3865 6065 3881
6065 3866 6230 3866
607 1772 607 3815
6070 5125 6070 5473
6070 5381 6094 5381
6070 5415 6094 5415
6070 5422 6102 5422
6070 5470 6073 5470
6070 5471 6071 5471
6070 5472 6071 5472
6071 5470 6071 5473
6071 5471 6073 5471
6072 4230 6072 4270
6072 5422 6072 5470
6072 5470 6072 5471
6073 5422 6073 5473
6084 1136 6084 1711
6088 5125 6088 5381
6090 5422 6090 5473
6093 1136 6093 1711
6093 1426 6104 1426
6093 1458 6104 1458
6093 3892 6093 3941
6093 3894 6848 3894
6093 3902 6848 3902
6093 3917 6848 3917
6093 3938 6848 3938
6094 5125 6094 5422
6094 5422 6094 5473
6096 7586 6096 7671
6096 7618 6362 7618
6099 7671 6099 9823
6099 8976 6277 8976
6099 8988 6277 8988
6099 9021 6277 9021
6099 9050 6277 9050
6099 9141 6277 9141
6099 9178 6277 9178
6099 9191 6277 9191
6099 9257 6109 9257
6099 9523 6109 9523
6099 9599 6109 9599
6099 9639 6106 9639
6099 9649 6106 9649
6101 1136 6101 1426
6101 5473 6101 5670
6102 5125 6102 5473
6102 5379 6194 5379
6102 5428 6194 5428
6102 5436 6194 5436
6102 5462 6194 5462
6102 5464 6194 5464
6102 5465 6194 5465
6102 5466 6194 5466
6102 5467 6194 5467
6102 5468 6193 5468
6102 5469 6193 5469
6102 5470 6193 5470
6102 5472 6193 5472
6103 5466 6103 5467
6103 9649 6103 9823
6104 1136 6104 2367
6104 5466 6104 5467
6105 5466 6105 5467
6106 5466 6106 5467
6106 9599 6106 9823
6106 9702 6109 9702
6108 5466 6108 5467
6109 5466 6109 5467
6109 9191 6109 9823
6111 985 6111 1136
6114 5465 6114 5466
6116 3938 6116 3941
6116 5465 6116 5466
6119 5436 6119 5462
612 1081 629 1081
612 277 612 1638
6122 1136 6122 2367
6123 1136 6123 2367
6123 1634 6187 1634
6123 546 6123 979
6123 820 6133 820
6123 903 6133 903
6126 985 6126 1136
6127 5428 6127 5436
6127 5435 6132 5435
6132 5428 6132 5436
6133 546 6133 979
6138 3917 6138 3938
6140 546 6140 1136
6140 917 6848 917
6148 5462 6148 5464
6154 3938 6154 3941
6154 5462 6154 5464
6155 1634 6155 2367
6160 3547 6160 3638
6166 3917 6166 3938
6166 3923 6848 3923
6168 3941 6168 4270
6168 4095 6412 4095
6168 4184 6412 4184
6169 4521 6169 5125
6169 4596 6182 4596
6171 7671 6171 8976
6171 8511 6182 8511
6171 8548 6182 8548
6171 8654 6182 8654
6171 8867 6182 8867
6171 8895 6182 8895
6173 8895 6173 8976
6173 8904 6182 8904
6175 5466 6175 5467
6175 8895 6175 8904
6176 8895 6176 8904
6177 5466 6177 5467
6179 5466 6179 5467
6181 5428 6181 5436
6182 4521 6182 5125
6182 7671 6182 8976
6182 8099 6195 8099
6182 8136 6195 8136
6182 8864 6195 8864
6182 8891 6195 8891
6182 8892 6195 8892
6182 8898 6195 8898
6183 8099 6183 8136
6184 8136 6184 8864
6184 8892 6184 8898
6186 8099 6186 8136
6187 1136 6187 2367
6187 5466 6187 5467
6187 8892 6187 8898
6188 5466 6188 5467
6189 5466 6189 5467
6190 5466 6190 5467
6191 8898 6191 8976
6192 7671 6192 8099
6193 5466 6193 5467
6193 5467 6193 5473
6193 5468 6194 5468
6194 5125 6194 5473
6194 5207 6201 5207
6194 5225 6276 5225
6194 5256 6276 5256
6194 5260 6242 5260
6194 5268 6242 5268
6194 5277 6276 5277
6194 7671 6194 8099
6195 7671 6195 8976
6195 8081 6206 8081
620 45 620 46
6201 5125 6201 5225
6206 7671 6206 8976
6206 7839 6210 7839
6208 5260 6208 5268
6208 7839 6208 8976
6209 8976 6209 8988
6210 7671 6210 8976
6210 8823 6211 8823
6210 8943 6211 8943
6211 7671 6211 8976
6211 7746 6212 7746
6211 7903 6213 7903
6212 7671 6212 7903
6213 5125 6213 5225
6213 5137 6261 5137
6213 5158 6276 5158
6213 7671 6213 8976
6213 8921 6244 8921
6213 8932 6244 8932
6215 9178 6215 9191
6215 9189 6277 9189
6225 3547 6225 3638
623 45 623 46
6230 3865 6230 3881
6230 3875 6848 3875
6238 8932 6238 8976
624 45 624 46
6242 5256 6242 5277
6243 5277 6243 5473
6244 7671 6244 8976
6244 8795 6266 8795
6246 9189 6246 9191
6261 5125 6261 5158
6266 7671 6266 8976
6266 7674 6277 7674
6266 7784 6277 7784
6270 7784 6270 8976
6276 5125 6276 5473
6276 5126 6634 5126
6277 7671 6277 9823
6277 8290 6318 8290
6277 8840 6318 8840
6277 8854 6376 8854
6277 9312 6376 9312
6277 9364 6376 9364
6289 6365 6289 6386
629 277 629 1638
629 45 629 46
6294 3547 6294 3787
6295 4521 6295 5125
63 3115 63 3573
630 1015 3291 1015
630 1150 3291 1150
630 1251 3291 1251
630 277 630 1638
630 929 3038 929
6304 4521 6304 5125
6305 4521 6305 5125
6311 4521 6311 5125
6311 4967 6326 4967
6312 1136 6312 2367
6312 1279 6848 1279
6317 4307 6317 4521
6318 7671 6318 8854
6318 7862 6348 7862
6318 7884 6376 7884
632 45 632 46
6324 2367 6324 3547
6324 4967 6324 5125
6324 7618 6324 7671
6326 4521 6326 5125
6344 3787 6344 3865
6348 7671 6348 7884
6351 7671 6351 7884
6359 4307 6359 4521
636 45 636 46
6362 7215 6362 7671
6362 7561 6848 7561
6364 4307 6364 4521
6370 6365 6370 6386
6376 7671 6376 9823
6394 9858 6394 9861
6400 7671 6400 9823
6412 3941 6412 4270
6445 4307 6445 4521
6450 3885 6450 3892
6453 3885 6453 3892
6463 3885 6463 3892
6467 3885 6467 3892
6467 3888 6848 3888
6473 4307 6473 4521
6485 1136 6485 1279
6502 9858 6502 9861
6510 3547 6510 3787
6526 4270 6526 4521
6526 4287 6529 4287
6526 4297 6553 4297
6526 4381 6553 4381
6527 4297 6527 4381
6527 4381 6527 4521
6527 4450 6528 4450
6528 4381 6528 4521
6529 3547 6529 3787
6529 4270 6529 4297
6535 4381 6535 4521
6535 4426 6545 4426
6535 4434 6545 4434
6535 4487 6545 4487
6535 4506 6545 4506
6535 4519 6540 4519
6535 4520 6539 4520
6539 4519 6539 4521
6539 4520 6540 4520
6539 5473 6539 5670
6540 4506 6540 4521
6543 4487 6543 4506
6545 4381 6545 4521
6546 4270 6546 4297
6547 4270 6547 4297
6547 4288 6549 4288
6548 4381 6548 4521
6549 4270 6549 4297
6549 4275 6553 4275
655 50 655 51
6550 4270 6550 4275
6551 4270 6551 4275
6552 4381 6552 4521
6552 4424 6553 4424
6552 4511 6553 4511
6553 4270 6553 5125
6556 485 6556 546
6569 4270 6569 5125
6569 4723 6577 4723
6569 4750 6577 4750
6569 5023 6577 5023
6570 9964 6570 10000
6573 4750 6573 5023
6577 4270 6577 5125
6577 5112 6623 5112
6577 5114 6623 5114
6577 5117 6623 5117
658 50 658 51
6594 4270 6594 5112
66 3115 66 3815
6603 9823 6603 9891
6603 9850 6848 9850
6603 9851 6627 9851
6603 9854 6627 9854
6603 9857 6627 9857
6614 4270 6614 5112
6614 4918 6623 4918
6617 9851 6617 9854
6622 9854 6622 9857
6623 4270 6623 5125
6623 4847 6750 4847
6623 5102 6750 5102
6623 5111 6666 5111
6623 5115 6666 5115
6623 5116 6734 5116
6623 5121 6734 5121
6623 5123 6734 5123
6623 5124 6750 5124
6626 9850 6626 9851
6627 9850 6627 9891
6627 9861 6843 9861
6627 9876 6848 9876
6634 5125 6634 5473
6649 4847 6649 5102
665 45 665 46
666 45 666 46
6660 5124 6660 5125
6662 485 6662 546
6662 509 6822 509
6664 4847 6664 5102
6666 5102 6666 5116
6666 5103 6734 5103
6666 5124 6666 5125
6669 5124 6669 5125
667 45 667 46
6670 5124 6670 5125
6678 5124 6678 5125
6682 7671 6682 9823
6684 5124 6684 5125
6695 4847 6695 5102
6695 4881 6719 4881
6695 5124 6695 5125
67 3115 67 3815
6709 7671 6709 9823
6719 4847 6719 5102
6719 4899 6724 4899
6719 5042 6750 5042
6719 5071 6750 5071
6719 5076 6750 5076
6719 5079 6750 5079
6723 5042 6723 5071
6724 4847 6724 5042
6729 3941 6729 4270
6731 2367 6731 3547
6731 2400 6848 2400
6731 2408 6848 2408
6731 2417 6848 2417
6731 2640 6848 2640
6731 2812 6848 2812
6731 3008 6848 3008
6731 3139 6848 3139
6731 3503 6798 3503
6731 5116 6731 5121
6731 5118 6734 5118
6731 5124 6731 5125
6732 5124 6732 5125
6733 5124 6733 5125
6734 5102 6734 5124
6734 5103 6735 5103
6734 5105 6735 5105
6734 5106 6735 5106
6734 5107 6735 5107
6734 5109 6735 5109
6735 5102 6735 5124
6735 5103 6738 5103
6735 5107 6738 5107
6736 5124 6736 5125
6737 5103 6737 5107
6738 5102 6738 5124
6739 5102 6739 5124
6743 5102 6743 5124
6743 5124 6743 5125
6747 5102 6747 5124
6747 5104 6750 5104
6747 5116 6750 5116
6750 4270 6750 5125
6750 4335 6848 4335
6750 4538 6848 4538
6750 4702 6848 4702
6750 4885 6828 4885
6757 2367 6757 2400
6771 5125 6771 5473
6771 5372 6835 5372
6771 5393 6848 5393
6772 4270 6772 4335
6774 4270 6774 4335
6781 7671 6781 9823
6781 8398 6782 8398
6781 8469 6782 8469
6782 7671 6782 9823
6782 8206 6848 8206
6793 4270 6793 4335
6793 485 6793 509
6797 6386 6797 6396
6798 3139 6798 3547
6798 3291 6848 3291
6799 3941 6799 4270
68 1772 68 3815
68 3379 174 3379
68 9866 68 9869
6810 4538 6810 4702
6810 4558 6815 4558
6810 4691 6815 4691
6811 4270 6811 4335
6811 4293 6832 4293
6811 4319 6832 4319
6815 4538 6815 4702
6821 4293 6821 4319
6821 4303 6832 4303
6822 4319 6822 4335
6822 485 6822 546
6825 4293 6825 4303
6825 4294 6830 4294
6825 4302 6832 4302
6826 4270 6826 4293
6828 4702 6828 5125
6828 9964 6828 10000
6830 4293 6830 4302
6830 4302 6830 4303
6832 4270 6832 4335
6832 4271 6848 4271
6832 4300 6848 4300
6832 4327 6848 4327
6832 4328 6843 4328
6832 4329 6848 4329
6832 4330 6848 4330
6832 4331 6846 4331
6832 4332 6846 4332
6832 4333 6848 4333
6832 4334 6833 4334
6833 4327 6833 4328
6833 4333 6833 4335
6833 4334 6834 4334
6834 4332 6834 4333
6834 4333 6834 4335
6834 4334 6835 4334
6835 4333 6835 4335
6835 4334 6848 4334
6835 5125 6835 5393
6835 9964 6835 10000
6835 9968 6844 9968
6835 9971 6844 9971
6835 9973 6844 9973
6835 9982 6844 9982
6836 4332 6836 4333
6836 4333 6836 4334
6837 4327 6837 4328
6837 4329 6837 4330
6837 4332 6837 4333
6837 4334 6837 4335
6838 4329 6838 4330
6838 4334 6838 4335
6840 4538 6840 4702
6841 4329 6841 4330
6841 4334 6841 4335
6842 4327 6842 4328
6842 4329 6842 4330
6842 9968 6842 9971
6843 1136 6843 1279
6843 4327 6843 4329
6843 4333 6843 4334
6843 4334 6843 4335
6843 9850 6843 9876
6843 9862 6848 9862
6844 4334 6844 4335
6844 9964 6844 10000
6844 9985 6845 9985
6845 4333 6845 4334
6845 4334 6845 4335
6845 9964 6845 10000
6845 9979 6848 9979
6846 4300 6846 4327
6846 4325 6848 4325
6846 4326 6847 4326
6846 4330 6846 4333
6846 4331 6847 4331
6846 9964 6846 9979
6847 4300 6847 4325
6847 4325 6847 4327
6847 4326 6848 4326
6847 4330 6847 4333
6847 4331 6848 4331
6847 4334 6847 4335
6848 0 6848 10000
6848 11 6850 11
6848 13 7022 13
6848 1806 6864 1806
6848 2148 7182 2148
6848 2150 7008 2150
6848 2151 7008 2151
6848 2172 7182 2172
6848 2195 7182 2195
6848 2299 7182 2299
6848 2433 7182 2433
6848 2497 6866 2497
6848 2611 7182 2611
6848 2632 7182 2632
6848 2634 6849 2634
6848 2642 6849 2642
6848 2643 6849 2643
6848 2644 6849 2644
6848 2645 6849 2645
6848 2653 6849 2653
6848 2655 6849 2655
6848 2659 6849 2659
6848 2662 6849 2662
6848 2681 6849 2681
6848 2683 6849 2683
6848 2685 6849 2685
6848 2691 6849 2691
6848 2702 6882 2702
6848 2704 6849 2704
6848 2705 6849 2705
6848 2707 6849 2707
6848 2710 6849 2710
6848 2711 6852 2711
6848 3514 6852 3514
6848 372 7182 372
6848 3755 6852 3755
6848 4071 7090 4071
6848 4919 7090 4919
6848 5045 6873 5045
6848 5060 6898 5060
6848 5066 6859 5066
6848 5074 6867 5074
6848 5545 6898 5545
6848 5567 6877 5567
6848 5597 6851 5597
6848 5646 6877 5646
6848 57 7022 57
6848 5783 6888 5783
6848 5786 6853 5786
6848 5798 6879 5798
6848 5936 6871 5936
6848 5959 6879 5959
6848 5960 6879 5960
6848 6012 6898 6012
6848 6017 6891 6017
6848 6027 6891 6027
6848 6033 6898 6033
6848 6057 6898 6057
6848 6058 6898 6058
6848 6060 6898 6060
6848 6065 6898 6065
6848 6066 6858 6066
6848 6124 7182 6124
6848 6535 7060 6535
6848 6911 7060 6911
6848 7 6852 7
6848 7593 7182 7593
6848 82 7022 82
6848 8598 6988 8598
6848 9497 7182 9497
6848 9921 6949 9921
6849 0 6849 7
6849 11 6849 13
6849 12 6850 12
6849 2632 6849 2702
6849 2702 6849 2711
6849 2710 6852 2710
6849 6058 6849 6060
6850 2433 6850 2497
6850 5045 6850 5060
6850 5783 6850 5786
6850 5785 6853 5785
6850 6058 6850 6060
6850 7 6850 13
6850 9 6852 9
6851 2710 6851 2711
6851 5567 6851 5646
6851 5798 6851 5936
6852 0 6852 13
6852 1 7022 1
6852 10 7022 10
6852 2433 6852 2497
6852 2702 6852 4071
6852 3367 6856 3367
6852 3772 6856 3772
6852 3781 6856 3781
6852 4068 6882 4068
6852 5567 6852 5646
6852 6066 6852 6124
6853 4068 6853 4071
6853 5567 6853 5646
6853 5783 6853 5798
6853 5788 6879 5788
6854 2702 6854 3367
6855 2702 6855 3367
6855 2733 6856 2733
6855 3290 6856 3290
6855 6060 6855 6065
6856 2702 6856 4068
6858 6065 6858 6124
6859 5060 6859 5074
6860 2497 6860 2611
6860 2632 6860 2702
6860 2702 6860 4068
6861 372 6861 1806
6862 2702 6862 4068
6864 1060 6976 1060
6864 1067 6976 1067
6864 1191 6976 1191
6864 1192 6976 1192
6864 1746 6976 1746
6864 1839 6976 1839
6864 1893 6976 1893
6864 2063 6976 2063
6864 2074 6976 2074
6864 2075 6976 2075
6864 2116 6976 2116
6864 2117 6976 2117
6864 2142 6976 2142
6864 2702 6864 4068
6864 372 6864 2148
6864 4068 6864 4071
6864 4071 6864 4919
6864 585 6976 585
6866 2433 6866 2611
6866 2440 6955 2440
6866 5798 6866 5936
6867 2702 6867 4068
6867 5060 6867 5545
6868 5060 6868 5545
6868 5074 6869 5074
6869 1191 6869 1192
6869 5060 6869 5545
6869 5263 6876 5263
6869 5788 6869 5798
6869 5790 6879 5790
6869 5959 6869 5960
6869 5960 6869 6012
6869 5991 6877 5991
6869 6000 6877 6000
6870 2632 6870 2702
6870 4068 6870 4071
6870 4069 6872 4069
6870 5798 6870 5936
6871 5798 6871 5959
6872 4068 6872 4071
6872 4070 6873 4070
6872 5798 6872 5959
6873 4068 6873 4071
6873 4069 6874 4069
6873 4070 6874 4070
6873 4919 6873 5060
6873 4920 6886 4920
6873 4921 6898 4921
6874 2632 6874 2702
6874 2675 6882 2675
6874 4068 6874 4071
6874 4069 6882 4069
6874 4070 6882 4070
6874 4919 6874 4920
6874 4920 6874 4921
6874 5545 6874 5567
6875 4069 6875 4070
6875 4919 6875 4920
6875 4920 6875 4921
6875 5263 6875 5545
6876 2675 6876 2702
6876 2702 6876 4068
6876 3826 6882 3826
6876 4070 6876 4071
6876 4919 6876 4920
6876 5060 6876 5545
6876 5093 6878 5093
6876 5140 6878 5140
6876 5186 6877 5186
6876 5222 6877 5222
6876 5545 6876 5567
6876 5556 6877 5556
6876 5798 6876 5959
6877 4069 6877 4070
6877 4070 6877 4071
6877 4919 6877 4920
6877 5140 6877 5545
6877 5155 6878 5155
6877 5156 6878 5156
6877 5157 6878 5157
6877 5158 6878 5158
6877 5159 6878 5159
6877 5165 6878 5165
6877 5545 6877 5783
6877 5597 6888 5597
6877 5611 6888 5611
6877 5790 6877 5798
6877 5960 6877 6012
6878 4069 6878 4070
6878 4070 6878 4071
6878 4919 6878 4920
6878 5060 6878 5545
6878 5261 6879 5261
6878 5459 6879 5459
6878 5461 6879 5461
6878 5531 6879 5531
6878 5788 6878 5790
6878 5960 6878 6012
6879 2675 6879 2702
6879 4919 6879 4920
6879 4920 6879 4921
6879 5060 6879 5545
6879 5470 6880 5470
6879 5502 6880 5502
6879 5506 6880 5506
6879 5783 6879 6012
6879 6009 6888 6009
6879 6010 6888 6010
6880 2632 6880 2675
6880 2675 6880 2702
6880 2686 6882 2686
6880 2688 6882 2688
6880 2695 6881 2695
6880 4068 6880 4069
6880 4070 6880 4071
6880 5060 6880 5545
6881 2632 6881 2675
6881 2655 6882 2655
6881 2662 6882 2662
6881 2664 6882 2664
6881 2672 6882 2672
6881 2675 6881 2686
6881 2679 6882 2679
6881 2686 6881 2688
6881 2687 6882 2687
6881 2688 6881 2702
6881 4068 6881 4069
6881 4069 6881 4070
6881 4070 6881 4071
6882 2632 6882 4071
6882 3158 7060 3158
6882 3796 7060 3796
6883 1191 6883 1192
6883 4919 6883 4920
6884 2150 6884 2151
6884 2151 6884 2172
6884 3796 6884 4071
6885 3796 6885 4071
6885 3987 6944 3987
6885 4921 6885 5060
6885 5049 6898 5049
6886 2151 6886 2172
6886 4919 6886 4921
6886 4920 6898 4920
6887 5060 6887 5545
6888 5545 6888 6012
6888 5821 6889 5821
6888 5983 6889 5983
6888 5991 6889 5991
6888 6004 6889 6004
6889 5545 6889 6012
6891 210 7022 210
6891 2150 6891 2151
6891 298 7022 298
6891 6012 6891 6033
6891 6013 6897 6013
6891 6014 6897 6014
6891 6020 6895 6020
6891 6021 6898 6021
6891 82 6891 372
6892 4919 6892 4920
6892 5049 6892 5060
6892 5060 6892 5545
6892 5365 6893 5365
6892 5386 6893 5386
6892 5390 6893 5390
6892 5406 6893 5406
6892 6033 6892 6057
6892 6049 6898 6049
6892 6065 6892 6124
6893 5060 6893 5545
6894 2433 6894 2440
6894 6049 6894 6057
6895 1191 6895 1192
6895 6014 6895 6021
6895 6018 6897 6018
6895 6049 6895 6057
6896 5545 6896 6012
6896 5587 6897 5587
6896 5598 6898 5598
6896 5607 6897 5607
6896 5615 6898 5615
6896 5628 6897 5628
6896 5629 6897 5629
6896 5630 6897 5630
6896 5631 6898 5631
6896 5665 6898 5665
6896 5749 6897 5749
6896 5770 6897 5770
6896 5983 6897 5983
6896 5989 6897 5989
6896 5993 6897 5993
6896 5994 6897 5994
6897 5545 6897 5598
6897 5554 6898 5554
6897 5558 6898 5558
6897 5563 6898 5563
6897 5573 6898 5573
6897 5574 6898 5574
6897 5596 6898 5596
6897 5598 6897 5615
6897 5605 6898 5605
6897 5613 6898 5613
6897 5614 6898 5614
6897 5615 6897 5631
6897 5616 6898 5616
6897 5665 6897 6012
6897 5666 6898 5666
6897 5667 6898 5667
6897 5668 6898 5668
6897 5669 6898 5669
6897 6012 6897 6021
6897 6013 6898 6013
6897 6014 6898 6014
6897 6019 6898 6019
6897 6020 6898 6020
6898 4919 6898 6124
6898 5219 6983 5219
6898 5486 6983 5486
6898 5979 6983 5979
6899 4071 6899 4919
69 123 69 147
69 132 108 132
69 140 108 140
69 144 108 144
69 145 108 145
69 146 86 146
6902 57 6902 82
6902 79 6928 79
6903 2151 6903 2172
6908 2150 6908 2151
6908 3796 6908 3987
6908 3803 6944 3803
691 3815 691 4128
6913 4071 6913 4919
6913 4376 6929 4376
6913 9497 6913 9921
6914 2150 6914 2151
6915 1893 6915 2063
6920 1839 6920 1893
6920 2150 6920 2151
6924 4919 6924 5219
6924 4963 6983 4963
6924 5064 6983 5064
6925 1060 6925 1067
6927 1746 6927 1839
6928 57 6928 82
6929 4071 6929 4919
6929 4792 7090 4792
6929 4815 7090 4815
6929 4865 7090 4865
6929 4872 7090 4872
6929 4881 7090 4881
6929 4910 7090 4910
6935 2632 6935 3158
6939 1191 6939 1192
6939 2148 6939 2150
6939 2149 7008 2149
6939 2150 6939 2151
6940 2149 6940 2150
6943 1191 6943 1192
6944 3796 6944 4071
6944 4065 7060 4065
6944 6911 6944 7593
6944 7007 6958 7007
6944 7032 7060 7032
6944 7473 6948 7473
6945 6911 6945 7007
6946 2149 6946 2150
6948 7032 6948 7593
6949 2150 6949 2151
6949 9497 6949 10000
6949 9964 6976 9964
695 46 695 47
6955 1839 6955 1893
6955 2148 6955 2149
6955 2433 6955 2611
6955 2444 7016 2444
6955 7032 6955 7593
6957 7032 6957 7593
6958 1191 6958 1192
6958 1839 6958 1893
6958 6911 6958 7032
6959 1839 6959 1893
6959 298 6959 372
6959 5486 6959 5979
6961 1839 6961 1893
6964 1839 6964 1893
6967 1191 6967 1192
6969 1839 6969 1893
6969 2149 6969 2150
6974 2611 6974 2632
6976 372 6976 2148
6976 560 7157 560
6976 568 7110 568
6976 592 7157 592
6976 618 7157 618
6976 9497 6976 10000
6976 9542 6993 9542
6976 9657 6993 9657
6976 9836 6993 9836
6976 9947 6993 9947
6976 9998 7057 9998
6976 9999 7057 9999
6978 2611 6978 2632
698 1251 698 1638
6983 4919 6983 6124
6983 4995 6997 4995
6983 5771 6999 5771
6983 5789 6999 5789
6983 6108 6999 6108
6984 2611 6984 2632
6984 7032 6984 7593
6985 7032 6985 7593
6985 7085 7060 7085
6986 2149 6986 2150
6988 2611 6988 2632
6988 7593 6988 9497
6988 9497 6988 9542
6989 5771 6989 5789
6993 9497 6993 9998
6994 4995 6994 5771
6995 4995 6995 5771
6996 2151 6996 2172
6996 4995 6996 5771
6997 2150 6997 2151
6997 4919 6997 5771
6997 5708 6998 5708
6997 5735 6998 5735
6997 9998 6997 9999
6998 4919 6998 5771
6998 5546 6999 5546
6998 57 6998 82
6998 71 7022 71
6998 72 7022 72
6998 74 7022 74
6998 75 7022 75
6998 76 7022 76
6998 79 7022 79
6999 4919 6999 6124
6999 4923 7000 4923
6999 4940 7000 4940
6999 4948 7000 4948
6999 4952 7009 4952
6999 4965 7009 4965
6999 5390 7009 5390
6999 5394 7009 5394
6999 57 6999 71
6999 69 7003 69
6999 71 6999 72
6999 82 6999 210
70 9869 70 9876
7000 4919 7000 4952
7000 4950 7009 4950
7000 4951 7009 4951
7001 2150 7001 2151
7002 2149 7002 2150
7003 57 7003 71
7007 2150 7007 2151
7007 5394 7007 6124
7008 2148 7008 2172
7008 2152 7182 2152
7008 2153 7182 2153
7008 2170 7182 2170
7008 5394 7008 6124
7008 72 7008 74
7009 4919 7009 6124
7009 5003 7022 5003
7009 5189 7090 5189
7009 5212 7090 5212
7009 5529 7090 5529
7009 5559 7090 5559
7009 5621 7090 5621
7009 5723 7090 5723
7009 71 7009 72
7010 4872 7010 4881
7010 4873 7090 4873
7010 4877 7090 4877
7010 7593 7010 9497
7013 13 7013 57
7013 14 7022 14
7013 15 7022 15
7013 22 7017 22
7013 26 7017 26
7013 27 7017 27
7013 50 7017 50
7013 51 7017 51
7013 54 7017 54
7015 15 7015 22
7015 51 7015 54
7015 52 7017 52
7016 13 7016 14
7016 2433 7016 2611
7016 2548 7182 2548
7016 2570 7152 2570
7016 2592 7152 2592
7016 2600 7062 2600
7016 51 7016 52
7016 54 7016 57
7016 56 7017 56
7017 15 7017 57
7017 17 7018 17
7017 33 7018 33
7017 52 7018 52
7017 57 7017 71
7017 59 7021 59
7017 61 7021 61
7018 15 7018 57
7018 19 7019 19
7018 29 7019 29
7018 43 7019 43
7018 56 7019 56
7019 13 7019 14
7019 14 7019 15
7019 15 7019 57
7019 32 7022 32
7020 15 7020 32
7021 57 7021 71
7022 0 7022 372
7022 133 7045 133
7022 251 7037 251
7022 264 7037 264
7022 273 7092 273
7022 274 7090 274
7022 275 7090 275
7022 276 7182 276
7022 28 7045 28
7022 4919 7022 5189
7022 5 7026 5
7022 60 7045 60
7022 64 7023 64
7022 85 7023 85
7023 60 7023 133
7023 73 7045 73
7023 75 7024 75
7023 77 7024 77
7023 79 7024 79
7023 80 7024 80
7023 82 7045 82
7023 9999 7023 10000
7024 275 7024 276
7024 73 7024 82
7024 74 7043 74
7024 80 7043 80
7025 275 7025 276
7026 0 7026 28
7026 21 7031 21
7026 275 7026 276
7026 28 7026 60
7027 275 7027 276
7028 275 7028 276
7029 133 7029 251
7030 274 7030 275
7031 0 7031 28
7031 9 7040 9
7032 275 7032 276
7033 275 7033 276
7033 4919 7033 5189
7033 5121 7067 5121
7033 60 7033 73
7034 275 7034 276
7035 82 7035 133
7036 274 7036 275
7036 28 7036 60
7037 133 7037 273
7039 274 7039 275
7039 276 7039 372
7039 296 7071 296
7040 0 7040 28
7040 275 7040 276
7041 0 7041 28
7041 133 7041 273
7043 73 7043 82
7043 75 7045 75
7044 73 7044 75
7045 0 7045 273
7045 144 7048 144
7048 0 7048 273
7048 119 7049 119
7048 210 7049 210
7048 36 7049 36
7048 37 7049 37
7049 0 7049 273
7049 105 7069 105
7049 225 7069 225
7049 244 7069 244
7049 35 7068 35
7049 52 7069 52
705 45 705 46
7052 274 7052 275
7053 274 7053 275
7053 9998 7053 9999
7055 274 7055 275
7056 274 7056 275
7057 274 7057 275
7057 9497 7057 10000
7057 9499 7109 9499
7057 9502 7109 9502
7057 9561 7109 9561
7057 9838 7058 9838
7058 274 7058 275
7058 9561 7058 10000
7058 9718 7059 9718
7058 9814 7059 9814
7058 9970 7059 9970
7059 274 7059 275
7059 9561 7059 10000
7059 9670 7083 9670
7059 9731 7083 9731
7059 9755 7083 9755
7059 9764 7083 9764
7059 9803 7083 9803
7059 9852 7083 9852
7060 2632 7060 4071
7060 274 7060 275
7060 3077 7061 3077
7060 3567 7090 3567
7060 3683 7061 3683
7060 3703 7061 3703
7060 3752 7061 3752
7060 3778 7061 3778
7060 3799 7078 3799
7060 6124 7060 7593
7060 6648 7064 6648
7060 7279 7182 7279
7060 7382 7182 7382
7060 7439 7182 7439
7060 7573 7182 7573
7061 2632 7061 3567
7061 3567 7061 3799
7061 3667 7062 3667
7061 9803 7061 9852
7062 2592 7062 2611
7062 2632 7062 3567
7062 2850 7089 2850
7062 3567 7062 3799
7062 3668 7065 3668
7062 3669 7065 3669
7063 6124 7063 6648
7064 6124 7064 7279
7064 6471 7070 6471
7064 9502 7064 9561
7064 9506 7109 9506
7064 9526 7109 9526
7064 9555 7109 9555
7065 3567 7065 3799
7065 3691 7078 3691
7066 2850 7066 3567
7067 273 7067 274
7067 4919 7067 5189
7067 9561 7067 9670
7068 0 7068 52
7068 18 7069 18
7068 22 7069 22
7068 275 7068 276
7068 38 7069 38
7068 39 7069 39
7068 40 7069 40
7068 41 7069 41
7068 42 7069 42
7068 44 7069 44
7068 6471 7068 7279
7068 7 7069 7
7068 9 7069 9
7069 0 7069 273
7069 113 7070 113
7069 273 7069 274
7069 4919 7069 5189
7069 5079 7090 5079
7069 6124 7069 6471
7070 0 7070 273
7070 6124 7070 7279
7071 276 7071 372
7072 9502 7072 9506
7073 9561 7073 9670
7073 9670 7073 9731
7073 9690 7083 9690
7076 0 7076 273
7076 126 7077 126
7076 137 7077 137
7076 239 7077 239
7076 29 7077 29
7076 30 7077 30
7076 31 7077 31
7076 32 7077 32
7076 5529 7076 5559
7077 0 7077 273
7077 148 7086 148
7078 3567 7078 4071
7078 3838 7090 3838
7079 3838 7079 4071
7081 9502 7081 9506
7083 274 7083 275
7083 9561 7083 10000
7083 9941 7087 9941
7085 275 7085 276
7085 2850 7085 3567
7085 568 7085 592
7085 587 7110 587
7086 0 7086 273
7086 275 7086 276
7087 275 7087 276
7087 9561 7087 10000
7088 273 7088 274
7088 274 7088 275
7088 275 7088 276
7088 3567 7088 3838
7088 3838 7088 4071
7088 3853 7090 3853
7088 3858 7090 3858
7088 3939 7090 3939
7088 4003 7090 4003
7089 2632 7089 3567
7089 2633 7090 2633
7089 2634 7090 2634
7089 2644 7090 2644
7089 2647 7090 2647
7089 2648 7090 2648
7089 2649 7090 2649
7089 2651 7090 2651
7089 2658 7090 2658
7089 2659 7090 2659
7089 2687 7090 2687
7089 273 7089 274
7089 2749 7090 2749
7089 275 7089 276
7089 2761 7090 2761
7089 2808 7090 2808
7089 2811 7090 2811
7089 2821 7090 2821
7089 2898 7090 2898
7089 2958 7090 2958
7089 2980 7090 2980
7089 3015 7090 3015
7089 3052 7090 3052
7089 3210 7090 3210
7089 3287 7090 3287
7089 3355 7090 3355
7089 3360 7090 3360
7089 3465 7090 3465
7089 3466 7090 3466
7089 3467 7090 3467
7089 3468 7090 3468
7089 3469 7090 3469
7089 3472 7090 3472
7089 3473 7090 3473
7089 3483 7090 3483
7089 3484 7090 3484
7089 3485 7090 3485
7089 3486 7090 3486
7089 3508 7090 3508
7089 3567 7089 3838
7089 3853 7089 3858
7090 2632 7090 6124
7090 273 7090 276
7090 274 7092 274
7090 275 7091 275
7090 2877 7104 2877
7090 2924 7104 2924
7090 2931 7104 2931
7090 2997 7104 2997
7090 3006 7094 3006
7090 3022 7094 3022
7090 3070 7091 3070
7090 3119 7104 3119
7090 3265 7129 3265
7090 3327 7112 3327
7090 3568 7112 3568
7090 3750 7112 3750
7091 273 7091 274
7091 274 7091 276
7091 275 7092 275
7091 3022 7091 3119
7092 0 7092 276
7092 3022 7092 3119
7092 3105 7094 3105
7093 2632 7093 2877
7093 2816 7104 2816
7094 2997 7094 3119
7097 2997 7097 3119
7097 3033 7099 3033
7099 2997 7099 3119
7099 3031 7102 3031
7099 3051 7102 3051
7099 3107 7102 3107
7099 3109 7102 3109
7099 3110 7100 3110
7099 3111 7100 3111
7100 3109 7100 3119
7100 3112 7102 3112
7100 3118 7102 3118
7101 3107 7101 3109
7101 3112 7101 3118
7102 2997 7102 3119
7102 3119 7102 3265
7102 3133 7103 3133
7102 3163 7103 3163
7102 9502 7102 9506
7103 3119 7103 3265
7103 3206 7104 3206
7103 3224 7104 3224
7103 3236 7104 3236
7104 2632 7104 3265
7107 9502 7107 9506
7108 9502 7108 9506
7108 9503 7109 9503
7109 9497 7109 10000
7109 9553 7182 9553
7109 9560 7182 9560
7109 9569 7182 9569
7109 9571 7167 9571
7109 9636 7167 9636
7109 9842 7182 9842
7109 9890 7161 9890
7109 9921 7161 9921
7109 9945 7161 9945
7109 9953 7161 9953
7109 9957 7161 9957
7109 9958 7161 9958
7109 9959 7161 9959
7109 9962 7161 9962
7110 2632 7110 3265
7110 2943 7121 2943
7110 3062 7121 3062
7110 3209 7121 3209
7110 3327 7110 3568
7110 3328 7112 3328
7110 3520 7112 3520
7110 560 7110 592
7110 589 7157 589
7110 9497 7110 9553
7111 276 7111 372
7111 3327 7111 3328
7111 3328 7111 3520
7112 3062 7112 3209
7112 3265 7112 6124
7112 5318 7116 5318
7112 5887 7129 5887
7112 5923 7123 5923
7112 6019 7123 6019
7113 9497 7113 9553
7113 9519 7122 9519
7115 0 7115 276
7115 1 7158 1
7115 2 7158 2
7115 3 7158 3
7116 3265 7116 5887
7116 4047 7129 4047
7116 7593 7116 9497
7117 9519 7117 9553
7121 2632 7121 3265
7121 3207 7125 3207
7122 9497 7122 9553
7122 9522 7131 9522
7122 9533 7125 9533
7123 5887 7123 6124
7123 5991 7129 5991
7123 5996 7129 5996
7123 6007 7129 6007
7123 6066 7129 6066
7124 9522 7124 9533
7125 2632 7125 3265
7125 2977 7127 2977
7125 3015 7127 3015
7125 9522 7125 9553
7126 3015 7126 3265
7126 3062 7127 3062
7126 5996 7126 6007
7126 6004 7129 6004
7126 9957 7126 9958
7127 0 7127 1
7127 2632 7127 3265
7127 2957 7128 2957
7127 589 7127 592
7128 2632 7128 3265
7128 3087 7129 3087
7128 3175 7129 3175
7128 3193 7129 3193
7128 3211 7129 3211
7129 2632 7129 6124
7129 2647 7148 2647
7129 2701 7148 2701
7129 2919 7148 2919
7129 3419 7182 3419
7129 4595 7148 4595
7129 4696 7140 4696
7129 5430 7140 5430
7131 3419 7131 4595
7131 3501 7132 3501
7131 3727 7132 3727
7131 4576 7132 4576
7131 9497 7131 9553
7131 9514 7182 9514
7132 3419 7132 4595
7132 4393 7136 4393
7135 4393 7135 4595
7136 2632 7136 2647
7136 3419 7136 4595
7136 4106 7140 4106
7136 4485 7140 4485
7138 5430 7138 6124
7139 5430 7139 6124
7140 2647 7140 2701
7140 3419 7140 4595
7140 3490 7141 3490
7140 3733 7141 3733
7140 4055 7141 4055
7140 4322 7141 4322
7140 4595 7140 6124
7140 4814 7141 4814
7140 4828 7141 4828
7140 4846 7141 4846
7140 5352 7141 5352
7140 5409 7141 5409
7141 3419 7141 4595
7141 4540 7148 4540
7141 4595 7141 6124
7141 4673 7142 4673
7141 4866 7142 4866
7141 4963 7142 4963
7141 4973 7142 4973
7141 4989 7142 4989
7141 5000 7142 5000
7141 5064 7142 5064
7141 5167 7142 5167
7141 9921 7141 9945
7142 4595 7142 6124
7142 5374 7148 5374
7142 5406 7146 5406
7142 5714 7148 5714
7142 9959 7142 9962
7143 2 7143 3
7144 2701 7144 2919
7144 2850 7145 2850
7145 2701 7145 2919
7146 2919 7146 3419
7146 5374 7146 5714
7146 5605 7148 5605
7146 5625 7147 5625
7147 2632 7147 2647
7147 2919 7147 3419
7147 2926 7148 2926
7147 2972 7148 2972
7147 2973 7148 2973
7147 2975 7148 2975
7147 2977 7148 2977
7147 2978 7148 2978
7147 2979 7148 2979
7147 2980 7148 2980
7147 2987 7148 2987
7147 2988 7148 2988
7147 2993 7148 2993
7147 2997 7148 2997
7147 2998 7148 2998
7147 2999 7148 2999
7147 3000 7148 3000
7147 3002 7148 3002
7147 3004 7148 3004
7147 3005 7148 3005
7147 3013 7148 3013
7147 3133 7148 3133
7147 3344 7148 3344
7147 5605 7147 5714
7147 5639 7148 5639
7147 5712 7148 5712
7147 5714 7147 6124
7147 5910 7148 5910
7148 2632 7148 3419
7148 2816 7166 2816
7148 2830 7166 2830
7148 2902 7166 2902
7148 3419 7148 6124
7148 5378 7182 5378
715 147 715 149
715 148 2562 148
7150 9945 7150 9953
7151 3 7151 276
7151 5378 7151 6124
7152 2548 7152 2611
7152 3 7152 276
7152 3419 7152 5378
7153 3 7153 276
7154 23 7158 23
7154 245 7158 245
7154 3 7154 276
7154 36 7158 36
7154 9921 7154 9945
7157 1011 7177 1011
7157 1489 7158 1489
7157 2072 7158 2072
7157 2096 7158 2096
7157 2098 7158 2098
7157 2109 7158 2109
7157 2111 7158 2111
7157 3 7157 23
7157 372 7157 2148
7157 449 7177 449
7157 746 7177 746
7157 918 7177 918
7157 948 7177 948
7157 955 7177 955
7158 0 7158 276
7158 1011 7158 2148
7158 121 7182 121
7158 6124 7158 7279
7159 1011 7159 2148
7159 1457 7177 1457
7159 1581 7160 1581
7159 1582 7160 1582
7159 1583 7160 1583
7159 1587 7177 1587
7159 1979 7167 1979
7160 1457 7160 1587
7160 918 7160 948
7160 9945 7160 9953
7160 9946 7161 9946
7160 9947 7161 9947
7160 9952 7161 9952
7161 9842 7161 10000
7161 9950 7177 9950
7161 9962 7162 9962
7161 9981 7162 9981
7162 121 7162 276
7162 9950 7162 10000
7162 9951 7163 9951
7163 5378 7163 6124
7163 5457 7182 5457
7163 5934 7182 5934
7163 5936 7171 5936
7163 5937 7182 5937
7163 5938 7182 5938
7163 5957 7182 5957
7163 5977 7182 5977
7163 6032 7182 6032
7163 6035 7182 6035
7163 6080 7182 6080
7163 9950 7163 10000
7164 5378 7164 5457
7164 918 7164 948
7166 1011 7166 1457
7166 1029 7177 1029
7166 1065 7177 1065
7166 2632 7166 3419
7166 3043 7169 3043
7166 3322 7169 3322
7166 3390 7169 3390
7166 6124 7166 7279
7167 1587 7167 2148
7167 9569 7167 9842
7167 9721 7177 9721
7168 1587 7168 2148
7168 3043 7168 3322
7168 5937 7168 5938
7169 2632 7169 3419
7169 2823 7171 2823
7169 3045 7171 3045
7169 5937 7169 5938
7170 2632 7170 2823
7171 2632 7171 3419
7171 3023 7175 3023
7171 3248 7175 3248
7171 5934 7171 5937
7171 6080 7171 6124
7172 9950 7172 10000
7172 9952 7173 9952
7172 9954 7173 9954
7172 9955 7173 9955
7172 9970 7173 9970
7172 9981 7174 9981
7172 9994 7174 9994
7172 9995 7173 9995
7172 9996 7173 9996
7172 9997 7174 9997
7172 9999 7173 9999
7173 9950 7173 9981
7173 9994 7173 9997
7173 9997 7173 10000
7174 1587 7174 2148
7174 1635 7177 1635
7174 1723 7177 1723
7174 1988 7177 1988
7174 2013 7177 2013
7174 9950 7174 10000
7174 9959 7177 9959
7174 9989 7177 9989
7175 2632 7175 3419
7175 3000 7176 3000
7175 3258 7176 3258
7175 3293 7176 3293
7175 3375 7176 3375
7176 1587 7176 1635
7176 2632 7176 3419
7176 2722 7177 2722
7176 2783 7177 2783
7176 3127 7177 3127
7176 3173 7177 3173
7176 3208 7177 3208
7176 3380 7177 3380
7176 955 7176 1011
7177 1070 7179 1070
7177 1141 7179 1141
7177 1347 7179 1347
7177 1520 7179 1520
7177 1800 7179 1800
7177 2632 7177 3419
7177 2761 7180 2761
7177 2854 7180 2854
7177 2865 7178 2865
7177 2866 7180 2866
7177 2880 7178 2880
7177 2923 7178 2923
7177 2925 7178 2925
7177 2927 7178 2927
7177 3164 7178 3164
7177 3198 7180 3198
7177 3232 7179 3232
7177 3233 7179 3233
7177 3237 7180 3237
7177 3246 7180 3246
7177 3270 7178 3270
7177 3279 7178 3279
7177 3281 7178 3281
7177 3412 7180 3412
7177 372 7177 2148
7177 9569 7177 9842
7177 9570 7182 9570
7177 9577 7182 9577
7177 9579 7182 9579
7177 9615 7179 9615
7177 9619 7182 9619
7177 9621 7182 9621
7177 9639 7178 9639
7177 9842 7177 10000
7177 9844 7180 9844
7177 9853 7180 9853
7177 9944 7182 9944
7177 9957 7182 9957
7177 9993 7182 9993
7178 2854 7178 2866
7178 2862 7180 2862
7178 2866 7178 3198
7178 3110 7180 3110
7178 3157 7180 3157
7178 3246 7178 3412
7178 3307 7179 3307
7178 9569 7178 9570
7178 9619 7178 9621
7178 9621 7178 9842
7178 9993 7178 10000
7179 2632 7179 2761
7179 2866 7179 3110
7179 3198 7179 3237
7179 3199 7180 3199
7179 3200 7180 3200
7179 3204 7180 3204
7179 3205 7180 3205
7179 3207 7180 3207
7179 3210 7180 3210
7179 3211 7180 3211
7179 3246 7179 3412
7179 3325 7180 3325
7179 3412 7179 3419
7179 3413 7180 3413
7179 3416 7180 3416
7179 3417 7180 3417
7179 372 7179 2148
7179 9560 7179 9569
7179 9570 7179 9577
7179 9579 7179 9619
7180 121 7180 276
7180 171 7181 171
7180 207 7181 207
7180 255 7181 255
7180 2632 7180 3419
7180 2729 7182 2729
7180 372 7180 2148
7180 402 7181 402
7180 5457 7180 5934
7180 5465 7182 5465
7180 5901 7182 5901
7180 5934 7180 5937
7180 6032 7180 6035
7180 9579 7180 9619
7180 9621 7180 9842
7180 9627 7181 9627
7180 9842 7180 9944
7180 9886 7181 9886
7180 9993 7180 10000
7181 121 7181 276
7181 204 7182 204
7181 2632 7181 2729
7181 372 7181 2148
7181 5457 7181 5465
7181 5460 7182 5460
7181 6124 7181 7279
7181 9569 7181 9570
7181 9579 7181 9619
7181 9621 7181 9842
7181 9842 7181 9944
7182 0 7182 10000
7182 8608 7524 8608
7182 8609 7232 8609
7182 8618 7232 8618
7182 8625 7232 8625
7182 8766 7210 8766
7186 8625 7186 8766
7195 8625 7195 8766
7195 8760 7196 8760
7196 8625 7196 8766
7210 8625 7210 10000
7210 8947 7212 8947
7211 8625 7211 8947
7212 8625 7212 10000
7217 8625 7217 10000
7218 8625 7218 10000
7229 8625 7229 10000
7232 8608 7232 10000
7232 8659 7256 8659
724 47 724 48
7241 8659 7241 10000
7256 8608 7256 10000
7259 8608 7259 10000
7259 8609 7260 8609
7259 8611 7260 8611
7259 9552 7260 9552
7259 9567 7260 9567
7259 9568 7260 9568
7259 9569 7260 9569
7260 8608 7260 10000
7265 8608 7265 10000
7293 8608 7293 10000
7293 8814 7496 8814
7293 9003 7369 9003
7293 9196 7369 9196
7293 9293 7308 9293
7293 9562 7308 9562
7293 9650 7308 9650
730 1638 730 1653
730 1640 773 1640
730 1648 773 1648
7308 9196 7308 10000
7369 8814 7369 10000
7369 9793 7413 9793
7369 9904 7413 9904
7413 8814 7413 10000
748 1638 748 1640
748 1639 773 1639
7496 8608 7496 10000
7496 8621 7506 8621
7496 8636 7506 8636
7496 8638 7506 8638
7496 9583 7506 9583
7497 9583 7497 10000
7497 9682 7498 9682
7497 9758 7498 9758
7497 9938 7498 9938
7498 9583 7498 10000
75 9847 75 9869
75 9855 93 9855
7503 8608 7503 8621
7505 8608 7505 8621
7506 8608 7506 10000
7524 0 7524 10000
7524 4608 7540 4608
7524 5266 8333 5266
7524 6120 8333 6120
7524 6188 8333 6188
7524 6227 8333 6227
7524 7042 8333 7042
7524 7382 8333 7382
7524 7947 8333 7947
7524 8684 8333 8684
7524 9041 8333 9041
7524 9129 8333 9129
7524 9270 8333 9270
7524 9598 8333 9598
7524 9603 8333 9603
7524 9901 8333 9901
7540 0 7540 5266
7542 0 7542 5266
7547 9901 7547 10000
7555 0 7555 5266
7555 1634 7563 1634
7563 0 7563 5266
7563 2437 7610 2437
76 145 76 146
7610 0 7610 5266
7610 2489 7644 2489
7610 776 7644 776
7616 0 7616 776
7619 9901 7619 10000
7619 9955 7924 9955
7619 9975 7924 9975
7642 0 7642 776
7644 0 7644 5266
7644 538 8333 538
7659 9901 7659 9955
766 50 766 51
7666 5266 7666 6120
769 5385 769 5473
773 1638 773 1720
773 1689 3047 1689
79 9887 79 9891
7924 9901 7924 10000
7924 9903 8333 9903
7924 9905 8333 9905
7924 9909 8333 9909
7924 9913 8333 9913
7924 9944 8333 9944
7924 9990 8333 9990
794 45 794 46
796 5385 796 5473
80 132 80 140
80 137 83 137
80 145 80 146
8003 9603 8003 9901
8017 5266 8017 6120
8017 5358 8333 5358
81 145 81 146
82 145 82 146
820 3815 820 4128
8285 9603 8285 9901
829 3815 829 4128
8290 7382 8290 7947
8293 7382 8293 7947
83 132 83 140
8304 7947 8304 8684
8304 8416 8311 8416
8311 7947 8311 8684
8330 538 8330 5266
8333 0 8333 10000
8333 1123 9691 1123
8333 1144 8334 1144
8333 1147 8334 1147
8333 1160 8335 1160
8333 1169 9691 1169
8333 1200 9691 1200
8333 1380 8388 1380
8333 1660 8388 1660
8333 1716 8334 1716
8333 1754 8334 1754
8333 1777 8334 1777
8333 1795 8348 1795
8333 1861 9691 1861
8333 3324 9691 3324
8333 4069 9691 4069
8333 4219 8362 4219
8333 4321 8362 4321
8333 4530 9691 4530
8333 4540 8572 4540
8333 4618 8572 4618
8333 4963 8572 4963
8333 5069 8572 5069
8333 5114 8572 5114
8333 532 8812 532
8333 5462 9691 5462
8333 679 9461 679
8333 9253 9152 9253
8333 9254 8921 9254
8333 9255 9152 9255
8333 9291 9152 9291
8334 1123 8334 1160
8334 1660 8334 1795
8335 1123 8335 1169
8348 1660 8348 1861
8352 4069 8352 4219
8354 5462 8354 9253
8354 5721 8357 5721
8357 5462 8357 9253
8357 5601 8358 5601
8357 5603 8358 5603
8357 5852 8358 5852
8357 6936 8358 6936
8357 6940 8358 6940
8357 7762 8358 7762
8357 8234 8358 8234
8357 8711 8358 8711
8358 5462 8358 9253
8358 6246 8435 6246
8360 5462 8360 6246
8360 6246 8360 9253
8362 1200 8362 1380
8362 4069 8362 4530
8362 5462 8362 6246
8365 5462 8365 6246
8365 5649 8366 5649
8365 5798 8366 5798
8366 5462 8366 6246
8366 6181 8381 6181
8366 6245 8377 6245
8367 1380 8367 1660
8368 1169 8368 1200
8368 1178 9691 1178
8368 6245 8368 6246
8372 1200 8372 1380
8372 1340 8388 1340
8374 6245 8374 6246
8376 1340 8376 1380
8377 6181 8377 6246
8378 6181 8378 6246
8381 1123 8381 1169
8381 1161 8494 1161
8381 5462 8381 6246
8381 5485 8430 5485
8381 5501 8430 5501
8381 5515 8430 5515
8381 5526 8430 5526
8381 5539 8430 5539
8381 5602 8435 5602
8381 5941 8435 5941
8381 6001 8435 6001
8381 6037 8435 6037
8382 4069 8382 4530
8382 4427 8652 4427
8382 4477 8652 4477
8382 4517 8652 4517
8382 4526 8551 4526
8382 9254 8382 9255
8383 1660 8383 1861
8383 1685 8388 1685
8388 1200 8388 1861
8388 1775 8446 1775
8388 1855 8446 1855
8396 1200 8396 1775
8396 1855 8396 1861
8396 1858 8424 1858
8396 1860 8424 1860
8397 1200 8397 1775
8397 679 8397 1123
8397 698 9081 698
8397 701 8728 701
8397 707 9385 707
8398 1200 8398 1775
8398 1622 8446 1622
8398 1688 8446 1688
84 145 84 146
8400 1161 8400 1169
8406 5485 8406 5501
8423 6001 8423 6037
8424 1855 8424 1861
8424 1861 8424 3324
8426 1855 8426 1861
8426 6246 8426 9253
8426 9151 8435 9151
8426 9152 8427 9152
8426 9159 8427 9159
8426 9208 8435 9208
8426 9218 8430 9218
8426 9219 8430 9219
8427 9151 8427 9208
8427 9172 8431 9172
8427 9182 8431 9182
8427 9218 8427 9219
8428 5602 8428 5941
8429 6246 8429 9151
8429 9208 8429 9218
8430 5462 8430 5602
8430 9208 8430 9253
8430 9221 8435 9221
8430 9227 8435 9227
8431 9151 8431 9208
8431 9195 8435 9195
8431 9200 8435 9200
8431 9203 8435 9203
8431 9205 8432 9205
8432 1855 8432 1861
8432 6246 8432 9151
8432 9203 8432 9208
8434 1855 8434 1861
8435 5462 8435 9253
8437 1861 8437 3324
8437 2265 8756 2265
8446 1200 8446 1861
8446 1272 9312 1272
8446 1308 9312 1308
8446 1669 9312 1669
8476 5462 8476 9253
848 45 848 46
8483 5462 8483 9253
8484 5462 8484 9253
8484 6483 8575 6483
8492 1308 8492 1669
8494 1123 8494 1169
8494 1158 9691 1158
8494 1159 9691 1159
8494 1200 8494 1272
85 145 85 146
85 3815 85 3898
8502 1158 8502 1159
8509 1158 8509 1159
8551 4517 8551 4530
8563 4517 8563 4530
8563 4520 8652 4520
8572 4530 8572 5462
8575 5462 8575 9253
8575 6699 8576 6699
8576 5462 8576 9253
8576 7470 9079 7470
8576 8118 8686 8118
86 145 86 147
860 48 860 49
8619 4069 8619 4427
862 1772 862 3815
862 5355 862 5385
8629 698 8629 701
864 3815 864 4128
8652 4069 8652 4530
8652 4144 9051 4144
8652 4456 9051 4456
8652 4460 9051 4460
8652 4461 9051 4461
8652 4463 9691 4463
8652 4486 9691 4486
8681 1169 8681 1178
8686 7470 8686 9253
871 9990 871 10000
871 9996 1906 9996
872 3815 872 4128
8724 532 8724 679
8728 698 8728 707
8728 701 9081 701
873 1772 873 5473
875 0 875 19
875 12 906 12
875 15 906 15
875 16 906 16
875 17 906 17
8756 1861 8756 3324
8756 3053 9677 3053
8812 0 8812 679
884 48 884 49
8841 707 8841 1123
8841 916 9385 916
8846 1200 8846 1272
8846 1221 9312 1221
8846 1254 9312 1254
8877 4463 8877 4486
8879 1123 8879 1158
888 1772 888 5473
888 4441 906 4441
8921 9253 8921 9255
8921 9254 9152 9254
8929 4463 8929 4486
8939 1178 8939 1200
8939 1179 9312 1179
8939 1181 9312 1181
8939 1182 9312 1182
8939 1184 9312 1184
8950 0 8950 679
8984 9253 8984 9254
8987 1861 8987 3053
90 123 90 132
90 9869 90 9876
9018 916 9018 1123
904 19 904 35
904 20 1015 20
904 22 1015 22
9051 4069 9051 4463
9051 4309 9691 4309
906 0 906 19
906 1 1015 1
906 1772 906 5473
9072 1272 9072 1308
9072 1285 9312 1285
9072 1295 9312 1295
9079 5462 9079 9253
908 9996 908 10000
9081 679 9081 707
9081 687 9385 687
9081 702 9385 702
9094 5462 9094 9253
9130 9253 9130 9254
9146 9253 9146 9254
9152 5462 9152 10000
9244 1200 9244 1221
9245 1272 9245 1285
9282 1285 9282 1295
9283 1200 9283 1221
9283 1220 9309 1220
93 9847 93 9891
9309 1200 9309 1221
9309 1206 9312 1206
931 1772 931 5473
931 1882 1026 1882
9312 1178 9312 1200
9312 1200 9312 1861
9312 1658 9390 1658
9333 1658 9333 1861
9335 0 9335 679
9335 29 9385 29
9335 460 9385 460
9335 482 9385 482
9335 653 9385 653
9335 669 9385 669
9345 0 9345 29
9355 29 9355 460
9366 0 9366 29
9376 0 9376 29
9385 0 9385 679
9385 679 9385 1123
9390 1200 9390 1861
9390 1393 9591 1393
9390 1395 9591 1395
9390 1405 9591 1405
9390 1411 9591 1411
9448 0 9448 679
9461 0 9461 1123
9461 324 9607 324
9473 1200 9473 1393
9473 1393 9473 1395
948 50 948 51
949 0 949 1
9493 3053 9493 3324
9493 3160 9677 3160
9493 3303 9677 3303
9494 1200 9494 1393
9494 1377 9591 1377
9508 1377 9508 1393
9566 1377 9566 1393
9572 1123 9572 1158
9591 1200 9591 1861
9591 1552 9638 1552
9591 1594 9638 1594
96 119 96 123
9601 3303 9601 3324
9607 0 9607 1123
9607 958 9691 958
9608 0 9608 958
9609 0 9609 958
9609 172 9613 172
9613 0 9613 958
9623 1200 9623 1552
9628 0 9628 958
9628 844 9635 844
9631 958 9631 1123
9635 0 9635 958
9638 1200 9638 1861
9638 1411 9691 1411
9640 0 9640 958
9640 110 9641 110
9641 0 9641 958
9646 1158 9646 1159
9650 0 9650 958
9650 611 9657 611
9650 861 9657 861
9652 1200 9652 1411
9656 958 9656 1123
9657 0 9657 958
9658 958 9658 1123
966 1882 966 5473
9663 1017 9691 1017
9663 958 9663 1123
9677 1861 9677 3324
9677 2156 9680 2156
9677 2657 9680 2657
9677 3089 9688 3089
9680 1861 9680 3089
9683 1861 9683 3089
9685 1017 9685 1123
9686 3089 9686 3324
9687 3089 9687 3324
9687 3230 9688 3230
9687 3315 9688 3315
9688 1861 9688 3324
9689 1411 9689 1861
9690 1861 9690 3324
9690 2281 9691 2281
9690 2822 9691 2822
9691 0 9691 10000
9691 1243 9792 1243
9691 1939 9792 1939
9691 2002 9706 2002
9691 2023 9706 2023
9691 2103 9706 2103
9691 2352 9792 2352
9691 2474 9740 2474
9691 2484 9709 2484
9691 2518 9709 2518
9691 2627 9792 2627
9691 2628 9792 2628
9691 2631 9792 2631
9691 2632 9792 2632
9691 2637 9792 2637
9691 2638 9792 2638
9691 2642 9792 2642
9691 2653 9792 2653
9691 2868 9792 2868
9691 2869 9694 2869
9691 2870 9694 2870
9691 2871 9699 2871
9691 2872 9692 2872
9691 2873 9692 2873
9691 2874 9699 2874
9691 2878 9699 2878
9691 3078 9722 3078
9691 3181 9704 3181
9691 3303 9701 3303
9691 3306 9722 3306
9691 3370 9707 3370
9691 3584 10000 3584
9691 570 9792 570
9691 605 9792 605
9691 6650 10000 6650
9691 6826 9725 6826
9691 7220 9725 7220
9691 8090 10000 8090
9691 8092 9722 8092
9691 8096 9722 8096
9691 8100 9722 8100
9691 8112 9692 8112
9691 8113 9692 8113
9691 8115 9692 8115
9691 8117 9692 8117
9691 8118 10000 8118
9691 8119 9888 8119
9691 8120 9888 8120
9691 8122 9888 8122
9691 8123 9704 8123
9691 8125 10000 8125
9691 8137 9773 8137
9691 8142 9692 8142
9691 8143 9692 8143
9691 8144 9692 8144
9691 8145 9692 8145
9691 8146 9692 8146
9691 8149 9692 8149
9691 8150 9692 8150
9691 8156 9692 8156
9691 8159 9773 8159
9691 8160 9773 8160
9691 8161 9773 8161
9691 8163 10000 8163
9691 8165 10000 8165
9691 8166 10000 8166
9691 8167 10000 8167
9691 8168 10000 8168
9691 8170 9700 8170
9691 8171 9695 8171
9691 8172 9700 8172
9691 8176 10000 8176
9691 8177 9776 8177
9691 8178 10000 8178
9691 8298 9844 8298
9691 8314 9844 8314
9691 8317 9844 8317
9691 8347 10000 8347
9691 8395 9698 8395
9691 8401 9845 8401
9691 8415 9750 8415
9691 8418 9750 8418
9691 8419 9750 8419
9691 8427 9750 8427
9691 8443 9750 8443
9691 8444 9750 8444
9691 8449 9711 8449
9691 8450 9711 8450
9691 8451 9711 8451
9691 8452 9711 8452
9691 8455 9711 8455
9691 8458 9711 8458
9691 8460 9711 8460
9691 8461 9711 8461
9691 8464 9750 8464
9691 8465 9750 8465
9691 8474 9750 8474
9691 8476 9750 8476
9691 8477 9750 8477
9691 8478 10000 8478
9691 9303 9882 9303
9692 2871 9692 2874
9692 2872 9699 2872
9692 2873 9699 2873
9692 8100 9692 8118
9692 8107 9702 8107
9692 8110 9702 8110
9692 8137 9692 8159
9692 8176 9692 8177
9693 2002 9693 2023
9693 2874 9693 2878
9693 3306 9693 3370
9693 3308 9707 3308
9693 8096 9693 8100
9693 8100 9693 8107
9694 2868 9694 2871
9694 2873 9694 2874
9694 2878 9694 3078
9694 3027 9695 3027
9695 2878 9695 3078
9695 8090 9695 8092
9695 8170 9695 8172
9695 8171 9696 8171
9695 8176 9695 8177
9695 8460 9695 8461
9696 2627 9696 2628
9696 2873 9696 2874
9696 2874 9696 2878
9696 2878 9696 3078
9696 8170 9696 8172
9696 8171 9700 8171
9696 8477 9696 8478
9697 2868 9697 2871
9697 2869 9699 2869
9697 2870 9698 2870
9697 2873 9697 2874
9697 2878 9697 3078
9697 8170 9697 8171
9697 8176 9697 8177
9698 1939 9698 2002
9698 2627 9698 2628
9698 2869 9698 2871
9698 2873 9698 2874
9698 2874 9698 2878
9698 2875 9699 2875
9698 2877 9699 2877
9698 2878 9698 3078
9698 8137 9698 8159
9698 8170 9698 8171
9698 8176 9698 8177
9698 8347 9698 8401
9698 8393 9702 8393
9698 8399 9702 8399
9699 1939 9699 2002
9699 2868 9699 3078
9699 2957 9722 2957
9699 2959 9703 2959
9699 8096 9699 8100
9699 8176 9699 8177
9699 8451 9699 8452
9700 8168 9700 8176
9700 8173 9713 8173
9700 8176 9700 8177
9701 3181 9701 3306
9701 3238 9704 3238
9701 8092 9701 8096
9701 8176 9701 8177
9701 8476 9701 8477
9702 1939 9702 2002
9702 3238 9702 3306
9702 8100 9702 8118
9702 8104 9705 8104
9702 8176 9702 8177
9702 8347 9702 8401
9703 2957 9703 3078
9703 8176 9703 8177
9703 8451 9703 8452
9704 2103 9704 2352
9704 2631 9704 2632
9704 2957 9704 3078
9704 2958 9705 2958
9704 3078 9704 3306
9704 8122 9704 8125
9704 8176 9704 8177
9705 2957 9705 3078
9705 2968 9712 2968
9705 2986 9722 2986
9705 3036 9722 3036
9705 3041 9722 3041
9705 3058 9722 3058
9705 8100 9705 8118
9705 8176 9705 8177
9706 1939 9706 2352
9706 2125 9712 2125
9706 8173 9706 8176
9706 8174 9713 8174
9706 8347 9706 8401
9706 8385 9707 8385
9706 8452 9706 8455
9707 3306 9707 3584
9707 3484 9720 3484
9707 8173 9707 8174
9707 8176 9707 8177
9707 8347 9707 8401
9707 8363 9710 8363
9707 8365 9710 8365
9707 8375 9710 8375
9707 8381 9710 8381
9708 2968 9708 2986
9709 2474 9709 2627
9709 8365 9709 8375
9709 8381 9709 8401
9709 8460 9709 8461
9710 8159 9710 8160
9710 8347 9710 8401
9710 8385 9716 8385
9710 8458 9710 8460
9711 2125 9711 2352
9711 2154 9712 2154
9711 8173 9711 8174
9711 8176 9711 8177
9711 8347 9711 8385
9711 8349 9716 8349
9711 8444 9711 8464
9712 1939 9712 2352
9712 1994 9723 1994
9712 2178 9723 2178
9712 2200 9792 2200
9712 2249 9726 2249
9712 2251 9792 2251
9712 2346 9792 2346
9712 2351 9748 2351
9712 2957 9712 2986
9712 8176 9712 8177
9713 3041 9713 3058
9713 8168 9713 8176
9713 8170 9855 8170
9713 8173 9855 8173
9713 8176 9713 8177
9714 2474 9714 2627
9714 2568 9740 2568
9714 8176 9714 8177
9715 8176 9715 8177
9715 8427 9715 8443
9716 8347 9716 8401
9717 8347 9717 8401
9717 8353 9718 8353
9717 8476 9717 8477
9718 8176 9718 8177
9718 8347 9718 8401
9719 2251 9719 2346
9719 2302 9730 2302
9719 2303 9730 2303
9719 2327 9792 2327
9719 2333 9733 2333
9719 3041 9719 3058
9719 3056 9722 3056
9719 8176 9719 8177
9720 2568 9720 2627
9720 2627 9720 2628
9720 3306 9720 3584
9720 3432 9722 3432
9720 3470 9722 3470
9720 8159 9720 8160
9721 3306 9721 3432
9721 3470 9721 3584
9721 8347 9721 8401
9721 8348 9845 8348
9721 8349 9845 8349
9721 8350 9845 8350
9721 8363 9845 8363
9721 8375 9845 8375
9721 8383 9845 8383
9721 8386 9845 8386
9722 2868 9722 3584
9722 3017 9792 3017
9722 3268 9792 3268
9722 3486 9792 3486
9722 3579 9754 3579
9722 8090 9722 8118
9722 8092 9893 8092
9722 8093 9893 8093
9722 8094 10000 8094
9722 8095 9903 8095
9722 8096 9903 8096
9722 8097 10000 8097
9722 8098 10000 8098
9722 8100 10000 8100
9722 8101 10000 8101
9722 8107 9808 8107
9722 8110 9808 8110
9722 8159 9722 8160
9722 8347 9722 8348
9722 8348 9722 8349
9723 1939 9723 2200
9723 8159 9723 8160
9723 8348 9723 8349
9724 1939 9724 2200
9724 1941 9792 1941
9724 1948 9792 1948
9724 8176 9724 8177
9724 8347 9724 8348
9725 2251 9725 2302
9725 6650 9725 8090
9725 8159 9725 8160
9725 8176 9725 8177
9726 2200 9726 2251
9727 8125 9727 8137
9727 8127 9736 8127
9727 8128 9736 8128
9727 8132 9736 8132
9727 8133 9736 8133
9727 8176 9727 8177
9727 8177 9727 8178
9728 8176 9728 8177
9728 8348 9728 8349
9729 8348 9729 8349
9730 2251 9730 2327
9730 2318 9792 2318
9730 8176 9730 8177
9731 8348 9731 8349
9732 8348 9732 8349
9733 2327 9733 2346
9733 8159 9733 8160
9733 8348 9733 8349
9735 8127 9735 8128
9735 8159 9735 8160
9736 8125 9736 8137
9736 8126 9773 8126
9736 8170 9736 8173
9736 8347 9736 8348
9737 8159 9737 8160
9738 8176 9738 8177
9739 8159 9739 8160
9739 8176 9739 8177
9740 2352 9740 2627
9740 2376 9792 2376
9740 2573 9792 2573
9740 2581 9792 2581
9740 2583 9792 2583
9740 2584 9792 2584
9740 2585 9792 2585
9740 2592 9792 2592
9740 2593 9792 2593
9740 2594 9792 2594
9740 2611 9792 2611
9740 2613 9792 2613
9740 8159 9740 8160
9741 8159 9741 8160
9741 8176 9741 8177
9741 8464 9741 8465
9742 8159 9742 8160
9743 8159 9743 8160
9743 8464 9743 8465
9744 8159 9744 8160
9745 8347 9745 8348
9746 8159 9746 8160
9746 8176 9746 8177
9746 8464 9746 8465
9746 8478 9746 9303
9746 9118 9758 9118
9748 2200 9748 2251
9748 2240 9772 2240
9748 2346 9748 2352
9748 8159 9748 8160
9749 8159 9749 8160
9750 8347 9750 8348
9750 8348 9750 8349
9750 8401 9750 8478
9750 8414 9786 8414
9750 8424 9786 8424
9750 8443 9794 8443
9750 8452 9769 8452
9750 8463 9769 8463
9750 8466 9768 8466
9751 8176 9751 8177
9751 9118 9751 9303
9752 2627 9752 2628
9752 6650 9752 8090
9752 6652 9753 6652
9752 6654 9753 6654
9752 6655 9753 6655
9752 6657 9753 6657
9752 6658 9753 6658
9752 6660 9753 6660
9752 6661 9753 6661
9752 6662 9753 6662
9752 6700 9753 6700
9752 6704 9753 6704
9752 6708 9753 6708
9752 6745 9753 6745
9752 6773 9753 6773
9752 6983 9753 6983
9752 6984 9753 6984
9752 6985 9753 6985
9752 6986 9753 6986
9752 6987 9753 6987
9752 6988 9753 6988
9752 6991 9753 6991
9752 7101 9755 7101
9752 7745 9753 7745
9752 7761 9753 7761
9752 7781 9755 7781
9753 2627 9753 2628
9753 6650 9753 7101
9753 6779 9754 6779
9753 6840 9754 6840
9753 6932 9754 6932
9753 6951 9754 6951
9753 6954 9754 6954
9753 6955 9754 6955
9753 6997 9754 6997
9753 7016 9754 7016
9753 7101 9753 7781
9754 3486 9754 3584
9754 6650 9754 7101
9754 6668 9755 6668
9754 6669 9755 6669
9754 6677 9755 6677
9754 6686 9755 6686
9754 6688 9755 6688
9754 6911 9755 6911
9754 6930 9755 6930
9754 6933 9755 6933
9754 6989 9755 6989
9754 7006 9755 7006
9754 7007 9755 7007
9754 7010 9755 7010
9754 7011 9755 7011
9754 7012 9755 7012
9754 7094 9755 7094
9754 7781 9754 8090
9754 7791 9755 7791
9754 7814 9755 7814
9754 8176 9754 8177
9754 8452 9754 8463
9755 6650 9755 8090
9755 7436 9793 7436
9755 8176 9755 8177
9756 6650 9756 7436
9756 7094 9762 7094
9756 7243 9762 7243
9756 7346 9762 7346
9756 8159 9756 8160
9757 2627 9757 2628
9757 8159 9757 8160
9757 8452 9757 8463
9758 8159 9758 8160
9758 8176 9758 8177
9758 8478 9758 9303
9759 8424 9759 8443
9760 1939 9760 1941
9760 2585 9760 2592
9760 7436 9760 8090
9760 7591 9793 7591
9760 8176 9760 8177
9762 6650 9762 7436
9763 8176 9763 8177
9764 8466 9764 8478
9765 2613 9765 2627
9765 8159 9765 8160
9766 1948 9766 2200
9767 8159 9767 8160
9767 8176 9767 8177
9768 2627 9768 2628
9768 8159 9768 8160
9768 8463 9768 8478
9768 8474 9769 8474
9768 8477 9769 8477
9769 8159 9769 8160
9769 8348 9769 8349
9769 8443 9769 8478
9769 8447 9773 8447
9769 8448 9770 8448
9769 8454 9770 8454
9769 8455 9794 8455
9769 8475 9792 8475
9770 8159 9770 8160
9770 8447 9770 8455
9771 8137 9771 8159
9771 8138 9772 8138
9771 8139 9773 8139
9771 8140 9773 8140
9771 8150 9772 8150
9771 8154 9772 8154
9771 8155 9773 8155
9771 8176 9771 8177
9771 8447 9771 8455
9771 8448 9773 8448
9772 2200 9772 2251
9772 8137 9772 8139
9772 8138 9773 8138
9772 8139 9772 8140
9772 8140 9772 8155
9772 8143 9773 8143
9772 8159 9772 8160
9772 8161 9772 8163
9772 8162 9773 8162
9772 8176 9772 8177
9773 2631 9773 2632
9773 3486 9773 3584
9773 8125 9773 8163
9773 8153 9775 8153
9773 8176 9773 8177
9773 8443 9773 8455
9774 8153 9774 8163
9774 8176 9774 8177
9775 2346 9775 2352
9775 8125 9775 8163
9775 8163 9775 8165
9775 8176 9775 8177
9776 8176 9776 8178
9776 8177 10000 8177
9777 8163 9777 8165
9777 8177 9777 8178
9778 8163 9778 8165
9778 8173 9778 8176
9778 8177 9778 8178
9779 1939 9779 1941
9779 8163 9779 8165
9779 8164 9916 8164
9779 8176 9779 8177
9779 8177 9779 8178
9780 8176 9780 8177
9780 8177 9780 8178
9780 8478 9780 9303
9781 8177 9781 8178
9781 8478 9781 9303
9782 8176 9782 8177
9782 8478 9782 9303
9782 8516 9783 8516
9782 8663 9783 8663
9782 8890 9783 8890
9782 9036 9783 9036
9782 9096 9783 9096
9782 9101 9783 9101
9782 9112 9783 9112
9782 9113 9783 9113
9782 9122 9783 9122
9783 2653 9783 2868
9783 2677 9792 2677
9783 2695 9792 2695
9783 2791 9792 2791
9783 2808 9787 2808
9783 2853 9792 2853
9783 8176 9783 8177
9783 8478 9783 9303
9783 9020 9827 9020
9784 8176 9784 8177
9784 8478 9784 9020
9785 8176 9785 8177
9786 2200 9786 2251
9786 2352 9786 2376
9786 2371 9792 2371
9786 2372 9792 2372
9786 2373 9792 2373
9786 8177 9786 8178
9786 8401 9786 8443
9786 8408 9794 8408
9786 8427 9794 8427
9786 8436 9793 8436
9787 1941 9787 1948
9787 2376 9787 2573
9787 2791 9787 2853
9787 8176 9787 8177
9787 8177 9787 8178
9787 8443 9787 8455
9787 8478 9787 9020
9787 8854 9800 8854
9788 2637 9788 2638
9788 8176 9788 8177
9789 2637 9789 2638
9789 2695 9789 2791
9789 8176 9789 8177
9790 2637 9790 2638
9790 2791 9790 2853
9790 2853 9790 2868
9790 8176 9790 8177
9791 2585 9791 2592
9791 2653 9791 2677
9791 2791 9791 2853
9791 2853 9791 2868
9791 8176 9791 8177
9792 0 9792 3584
9792 105 9878 105
9792 106 10000 106
9792 14 9845 14
9792 18 9874 18
9792 2053 9848 2053
9792 2510 9848 2510
9792 3 9845 3
9792 3226 10000 3226
9792 3294 9965 3294
9792 3421 10000 3421
9792 3427 10000 3427
9792 3454 10000 3454
9792 3464 9853 3464
9792 3472 9853 3472
9792 3545 9853 3545
9792 39 9978 39
9792 46 9873 46
9792 49 9878 49
9792 50 9878 50
9792 54 9878 54
9792 8408 9792 8427
9792 8443 9792 8455
9792 8447 9793 8447
9792 8455 9792 8478
9793 0 9793 3
9793 49 9793 50
9793 6650 9793 8090
9793 7889 9846 7889
9793 8176 9793 8177
9793 8177 9793 8178
9793 8427 9793 8443
9793 8443 9793 8455
9793 8455 9793 8478
9794 49 9794 50
9794 8176 9794 8177
9794 8401 9794 8478
9794 8475 9845 8475
9794 8476 9811 8476
9794 8477 9811 8477
9795 8176 9795 8177
9795 8401 9795 8475
9795 8418 9796 8418
9795 8448 9796 8448
9795 8450 9845 8450
9795 8453 9845 8453
9795 8454 9845 8454
9795 8455 9845 8455
9795 8457 9845 8457
9795 8473 9845 8473
9795 8474 9845 8474
9796 8401 9796 8450
9797 8177 9797 8178
9800 49 9800 50
9800 8478 9800 9020
9801 0 9801 3
9801 49 9801 50
9801 8177 9801 8178
9802 49 9802 50
9804 49 9804 50
9805 105 9805 106
9806 8473 9806 8474
9807 49 9807 50
9808 6650 9808 7889
9808 8101 9808 8118
9808 8102 9909 8102
9808 8114 9909 8114
9809 7889 9809 8090
9809 7900 9846 7900
9809 7909 9846 7909
9809 7912 9846 7912
9809 8101 9809 8102
9811 49 9811 50
9811 8101 9811 8102
9811 8475 9811 8478
9811 8477 9823 8477
9812 8347 9812 8348
9815 105 9815 106
9815 46 9815 49
9816 3427 9816 3454
9816 49 9816 50
9817 8347 9817 8348
9819 8347 9819 8348
9820 8347 9820 8348
9820 8478 9820 9020
9822 8125 9822 8163
9822 8176 9822 8177
9823 8176 9823 8177
9823 8455 9823 8457
9823 8456 9845 8456
9823 8475 9823 8478
9827 8456 9827 8457
9827 8478 9827 9303
9827 9120 9856 9120
9828 8176 9828 8177
9831 8177 9831 8178
9834 6650 9834 7889
9834 8101 9834 8102
9834 8125 9834 8163
9834 8135 9843 8135
9834 8158 9857 8158
9837 8349 9837 8350
9839 50 9839 54
9839 8347 9839 8348
9842 3427 9842 3454
9843 8125 9843 8158
9843 8142 9852 8142
9843 8155 9852 8155
9844 8178 9844 8347
9844 8191 10000 8191
9844 8195 10000 8195
9844 8197 10000 8197
9844 8227 10000 8227
9844 8456 9844 8457
9845 0 9845 18
9845 8347 9845 8478
9845 8435 9990 8435
9846 6650 9846 8090
9848 106 9848 3226
9848 1652 10000 1652
9848 2172 9895 2172
9848 2221 10000 2221
9848 368 9931 368
9848 624 10000 624
9848 723 9877 723
9848 792 10000 792
9849 0 9849 18
9849 105 9849 106
9851 105 9851 106
9851 3472 9851 3545
9851 8177 9851 8178
9852 8125 9852 8158
9852 8153 9857 8153
9853 3454 9853 3584
9853 8164 9853 8165
9853 8177 9853 8178
9854 105 9854 106
9855 8168 9855 8176
9855 8172 9862 8172
9855 8174 9862 8174
9855 8177 9855 8178
9856 8478 9856 9303
9856 8498 9882 8498
9856 8510 9882 8510
9856 8531 9882 8531
9856 8539 9882 8539
9856 8558 9859 8558
9856 8566 9882 8566
9856 8796 9882 8796
9856 8834 9882 8834
9857 49 9857 50
9857 8125 9857 8163
9857 8130 9907 8130
9857 8143 9907 8143
9857 8146 9907 8146
9857 8161 9869 8161
9858 624 9858 723
9859 0 9859 18
9859 8539 9859 8566
9860 8161 9860 8163
9861 105 9861 106
9862 8168 9862 8176
9863 105 9863 106
9863 49 9863 50
9863 624 9863 723
9863 631 9877 631
9863 721 9877 721
9864 3454 9864 3584
9864 8168 9864 8176
9864 8173 9874 8173
9865 624 9865 631
9867 3454 9867 3584
9868 8566 9868 8796
9868 8599 9882 8599
9869 8146 9869 8163
9870 6650 9870 8090
9871 8168 9871 8173
9871 8171 9874 8171
9872 8168 9872 8171
9872 8171 9872 8173
9873 105 9873 106
9873 39 9873 49
9874 0 9874 39
9874 1 9978 1
9874 105 9874 106
9874 8168 9874 8176
9875 105 9875 106
9875 8197 9875 8227
9875 8203 10000 8203
9875 8204 10000 8204
9875 8209 10000 8209
9876 1652 9876 2172
9876 3454 9876 3584
9876 3456 10000 3456
9876 3479 9888 3479
9876 3490 10000 3490
9877 105 9877 106
9877 624 9877 792
9877 678 9935 678
9877 750 9923 750
9878 39 9878 106
9878 69 9904 69
9879 8177 9879 8178
9881 9303 9881 10000
9881 9306 9882 9306
9881 9344 9882 9344
9881 9356 9882 9356
9881 9515 9882 9515
9881 9525 9882 9525
9881 9572 9882 9572
9882 8094 9882 8095
9882 8478 9882 10000
9882 8479 10000 8479
9882 8480 9897 8480
9882 8481 10000 8481
9882 8482 10000 8482
9882 8483 10000 8483
9882 8492 9895 8492
9882 8498 10000 8498
9882 8501 10000 8501
9882 8503 10000 8503
9882 8512 10000 8512
9882 8524 10000 8524
9882 8854 10000 8854
9882 9237 9945 9237
9882 9253 10000 9253
9882 9266 9883 9266
9882 9268 9883 9268
9882 9325 9883 9325
9882 9423 9883 9423
9882 9674 9883 9674
9883 9253 9883 10000
9884 2172 9884 2221
9884 8481 9884 8482
9885 8480 9885 8481
9885 8854 9885 9237
9886 8478 9886 8479
9886 9237 9886 9253
9887 8478 9887 8479
9887 9237 9887 9253
9888 3456 9888 3490
9888 8118 9888 8125
9888 8478 9888 8479
9889 8478 9889 8479
9892 8480 9892 8481
9892 9253 9892 10000
9892 9450 9932 9450
9892 9961 10000 9961
9892 9970 9962 9970
9892 9988 9974 9988
9893 1 9893 39
9893 8090 9893 8094
9893 8091 10000 8091
9893 8093 10000 8093
9893 8854 9893 9237
9893 9038 9945 9038
9894 8146 9894 8163
9894 8480 9894 8481
9895 1652 9895 2221
9895 1668 9961 1668
9895 1685 10000 1685
9895 1699 10000 1699
9895 8481 9895 8482
9895 8483 9895 8498
9897 8479 9897 8481
9898 8146 9898 8163
9898 8483 9898 8498
9898 8497 10000 8497
99 273 99 276
9900 8497 9900 8498
9900 8503 9900 8512
9901 8143 9901 8146
9901 8145 9907 8145
9901 8176 9901 8177
9903 8094 9903 8097
9904 39 9904 106
9904 70 9978 70
9904 8091 9904 8093
9904 8177 9904 8178
9905 8176 9905 8177
9906 8176 9906 8177
9907 8125 9907 8163
9907 8150 9926 8150
9907 8159 9926 8159
9907 8176 9907 8177
9908 9450 9908 9961
9909 2221 9909 3226
9909 8101 9909 8118
9910 8503 9910 8512
9910 8510 10000 8510
9912 8482 9912 8483
9913 8176 9913 8177
9914 3584 9914 6650
9916 3454 9916 3456
9916 3455 10000 3455
9916 8163 9916 8165
9916 8164 10000 8164
9916 8176 9916 8177
9917 3584 9917 6650
9917 8176 9917 8177
9919 3584 9919 6650
9919 6395 9925 6395
9919 6402 9956 6402
9919 6457 9920 6457
9919 6636 9956 6636
9920 1652 9920 1668
9920 6402 9920 6636
9920 6636 9920 6650
9920 6640 9921 6640
9920 6641 9921 6641
9920 6642 9921 6642
9920 6646 9921 6646
9920 6647 9921 6647
9920 6648 9921 6648
9921 3584 9921 6395
9921 6395 9921 6402
9921 6397 9925 6397
9921 6636 9921 6650
9921 6638 9922 6638
9921 6640 9922 6640
9921 6641 9922 6641
9921 6644 9922 6644
9921 8176 9921 8177
9922 3584 9922 6395
9922 6636 9922 6650
9922 6637 9956 6637
9922 6638 9956 6638
9922 6640 9956 6640
9922 8478 9922 8479
9923 3584 9923 6395
9923 5710 9925 5710
9923 6636 9923 6637
9923 678 9923 792
9924 1685 9924 1699
9924 6640 9924 6650
9925 3584 9925 6402
9925 6640 9925 6650
9925 6650 9925 8090
9925 7255 9968 7255
9925 7487 9932 7487
9926 8125 9926 8163
9926 8177 9926 8178
9927 2221 9927 3226
9927 8478 9927 8479
9928 8177 9928 8178
9929 8177 9929 8178
9930 8497 9930 8498
9931 106 9931 624
9931 3455 9931 3456
9931 441 9935 441
9932 441 9932 624
9932 481 9935 481
9932 563 9935 563
9932 7255 9932 8090
9932 8176 9932 8177
9932 8347 9932 8435
9932 9253 9932 9961
9932 9329 9933 9329
9932 9348 9933 9348
9932 9354 9933 9354
9932 9367 9933 9367
9932 9831 9933 9831
9932 9840 9933 9840
9932 9890 9933 9890
9933 9253 9933 9961
9933 9278 10000 9278
9933 9303 10000 9303
9933 9304 9944 9304
9933 9310 10000 9310
9933 9316 9995 9316
9933 9320 9995 9320
9933 9321 9995 9321
9933 9324 9995 9324
9933 9327 9995 9327
9933 9333 10000 9333
9933 9344 10000 9344
9933 9345 9980 9345
9933 9347 10000 9347
9933 9749 10000 9749
9934 9320 9934 9321
9934 9970 9934 9988
9935 106 9935 624
9935 201 9961 201
9935 532 9961 532
9935 582 9961 582
9935 624 9935 792
9936 8177 9936 8178
9936 8478 9936 8479
9936 9303 9936 9304
9937 9303 9937 9304
9938 7255 9938 8090
9940 6402 9940 6636
9940 6583 9956 6583
9941 8479 9941 8481
9944 2221 9944 3226
9944 2366 9950 2366
9944 6640 9944 6650
9944 9303 9944 9310
9944 9308 10000 9308
9945 8510 9945 8512
9945 8511 9981 8511
9945 8854 9945 9253
9946 3584 9946 6402
9946 8177 9946 8178
9950 2221 9950 3226
9955 6583 9955 6636
9955 6594 9956 6594
9955 6629 9956 6629
9956 3584 9956 6650
9956 4888 9972 4888
9956 5382 9972 5382
9956 5968 9972 5968
9956 5974 9972 5974
9956 6150 9972 6150
9956 6194 9972 6194
9956 6349 9961 6349
9956 6536 9961 6536
9956 6632 9961 6632
9959 7255 9959 8090
9959 8040 9968 8040
9959 8047 9968 8047
9959 8083 9968 8083
9959 8084 9968 8084
9960 5974 9960 6150
9960 8511 9960 8512
9961 106 9961 624
9961 1652 9961 1685
9961 1681 10000 1681
9961 457 9993 457
9961 6194 9961 6650
9961 6201 9963 6201
9961 6229 9963 6229
9961 6238 9963 6238
9961 6253 9963 6253
9961 6267 9963 6267
9961 6284 9963 6284
9961 6516 9962 6516
9961 6612 9962 6612
9961 6619 9962 6619
9962 6284 9962 6650
9962 8177 9962 8178
9962 9961 9962 9988
9963 6194 9963 6650
9963 6285 9972 6285
9963 6627 9972 6627
9963 8177 9963 8178
9964 2221 9964 3226
9964 6194 9964 6285
9964 6285 9964 6627
9964 6471 9972 6471
9964 6535 9972 6535
9965 3226 9965 3421
9965 3273 10000 3273
9965 8481 9965 8482
9966 6194 9966 6285
9966 6279 9972 6279
9967 3584 9967 4888
9967 6627 9967 6650
9968 3456 9968 3490
9968 3457 10000 3457
9968 3478 10000 3478
9968 6194 9968 6279
9968 6627 9968 6650
9968 6650 9968 8090
9968 7738 9969 7738
9968 7872 9969 7872
9968 8176 9968 8177
9969 3584 9969 4888
9969 6150 9969 6194
9969 6177 9971 6177
9969 6650 9969 8090
9969 7149 9970 7149
9969 8069 9970 8069
9969 8511 9969 8512
9969 8854 9969 9253
9969 9005 9975 9005
9970 6627 9970 6650
9970 6650 9970 8090
9970 7859 9971 7859
9970 8176 9970 8177
9971 3584 9971 4888
9971 3679 9972 3679
9971 3682 9972 3682
9971 3836 9972 3836
9971 4263 9972 4263
9971 4813 9972 4813
9971 6150 9971 6194
9971 6152 9972 6152
9971 6650 9971 8090
9971 6706 9972 6706
9972 3584 9972 6650
9972 5024 10000 5024
9972 6650 9972 8090
9973 6650 9973 8090
9974 9961 9974 10000
9975 1652 9975 1681
9975 8176 9975 8177
9975 8227 9975 8347
9975 8274 10000 8274
9975 8327 10000 8327
9975 8330 9989 8330
9975 8332 9989 8332
9975 8854 9975 9253
9975 9344 9975 9345
9977 8176 9977 8177
9978 0 9978 106
9979 0 9979 106
9979 3226 9979 3273
9979 8177 9979 8178
9980 0 9980 106
9980 1 9985 1
9980 14 9985 14
9980 3584 9980 5024
9980 81 9985 81
9980 9344 9980 9347
9980 9345 9995 9345
9980 9346 9995 9346
9981 0 9981 1
9981 14 9981 81
9981 19 9982 19
9981 8510 9981 8512
9981 9278 9981 9303
9982 14 9982 81
9982 24 9985 24
9982 30 9985 30
9982 3584 9982 5024
9982 3595 10000 3595
9982 3615 10000 3615
9982 3804 10000 3804
9982 3878 10000 3878
9982 4019 10000 4019
9983 24 9983 30
9983 9961 9983 10000
9983 9999 10000 9999
9984 8177 9984 8178
9984 9999 9984 10000
9985 0 9985 106
9985 1681 9985 1685
9985 1682 10000 1682
9985 44 9997 44
9985 60 9997 60
9985 63 9997 63
9985 68 9997 68
9985 75 9997 75
9985 8177 9985 8178
9986 8094 9986 8097
9986 8176 9986 8177
9986 8177 9986 8178
9987 8168 9987 8176
9987 8169 9988 8169
9987 8170 10000 8170
9987 8177 9987 8178
9988 60 9988 63
9988 61 9997 61
9988 62 9997 62
9988 8168 9988 8170
9988 8177 9988 8178
9989 8177 9989 8178
9989 8327 9989 8347
9989 9999 9989 10000
9990 8168 9990 8170
9990 8177 9990 8178
9990 8347 9990 8478
9991 8274 9991 8327
9991 8482 9991 8483
9992 8168 9992 8170
9992 8478 9992 8479
9992 8481 9992 8482
9993 106 9993 624
9993 60 9993 61
9993 9999 9993 10000
9994 6650 9994 8090
9994 9278 9994 9303
9995 8478 9995 8479
9995 9278 9995 9303
9995 9310 9995 9333
9995 9344 9995 9347
9996 8118 9996 8125
9996 8176 9996 8177
9996 8327 9996 8347
9996 9278 9996 9303
9996 9289 9998 9289
9996 9295 9998 9295
9997 0 9997 106
9997 14 9998 14
9997 27 10000 27
9997 28 9998 28
9997 29 10000 29
9997 30 10000 30
9997 43 10000 43
9997 46 9998 46
9997 48 9998 48
9997 52 9999 52
9997 53 9999 53
9997 56 9999 56
9997 57 10000 57
9997 58 10000 58
9997 59 9998 59
9997 60 9998 60
9997 61 9998 61
9997 62 9998 62
9997 63 9999 63
9997 6650 9997 8090
9997 77 9998 77
9997 8176 9997 8177
9997 9 9998 9
9997 92 9998 92
9997 9295 9997 9303
9997 9299 9998 9299
9997 9961 9997 9999
9998 0 9998 27
9998 11 9999 11
9998 15 9999 15
9998 17 9999 17
9998 18 9999 18
9998 2 9999 2
9998 21 9999 21
9998 23 9999 23
9998 24 10000 24
9998 25 10000 25
9998 26 10000 26
9998 27 9998 29
9998 3 9999 3
9998 43 9998 52
9998 45 9999 45
9998 46 9999 46
9998 52 9998 53
9998 56 9998 57
9998 57 9998 58
9998 58 9998 63
9998 59 9999 59
9998 60 9999 60
9998 61 9999 61
9998 62 9999 62
9998 63 9998 106
9998 8098 9998 8100
9998 8176 9998 8177
9998 8482 9998 8483
9998 9 9999 9
9998 9278 9998 9303
9998 9310 9998 9333
9998 9327 10000 9327
9999 0 9999 24
9999 101 10000 101
9999 102 10000 102
9999 24 9999 25
9999 26 9999 27
9999 43 9999 57
9999 45 10000 45
9999 46 10000 46
9999 48 10000 48
9999 51 10000 51
9999 57 9999 58
9999 58 9999 106
9999 624 9999 792
9999 657 10000 657
9999 659 10000 659
9999 660 10000 660
9999 664 10000 664
9999 673 10000 673
9999 679 10000 679
9999 74 10000 74
9999 752 10000 752
9999 753 10000 753
9999 754 10000 754
9999 756 10000 756
9999 758 10000 758
9999 759 10000 759
9999 760 10000 760
9999 8176 9999 8177
9999 8482 9999 8483
9999 89 10000 89
9999 9278 9999 9303
9999 9279 10000 9279
9999 9287 10000 9287
9999 9288 10000 9288