-38192 229730 468742 -860983 1559455 -354049 1052521 736664
-724693 364278 -346897 465901 -651766 1599289 -1029562 1497666
-251383 632937 599833 825631 598675 -114515 554819 906078
130458 836504 326449 714883 -400878 -781264 -398137 260249
-942451 626892 -595767 -770300 102829 -596958 -243855 800234
-168859 669566 -287651 283380 -145011 -352314 -32181 289342
-93123 106269 -382335 404515 -829704 -29303 -540492 -327549
-330052 467740 -447728 542938 -522926 425262 -405250 350064
987171 881175 843753 853175 905131 -71943 1191967 -15943
411272 -376214 358263 -916348 -984961 124939 -931952 665073
854757 -116517 1247796 18294 -235099 542597 -671809 392807
-346129 143084 -35452 484798 383460 464282 115700 141462
746898 -157757 -505012 814974 -505012 814974 -213242 961965
837324 608854 858391 526607 1078092 -1503956 888489 -763733
296321 184405 -352565 81367 171493 477641 -279256 112574
-7104 145403 -982858 740121 -313834 988318 661920 393600
-717287 -749599 -968220 434463 -717287 -749599 321008 631388
987248 -435316 -108816 -898363 -273004 -265532 823060 197515
392498 192800 -326109 -837521 -226691 -706921 491916 323400
-720676 -818159 -663588 289250 -91827 -972206 917585 843366
365429 -895599 89403 18598 -824794 -257428 -548768 -1171625
370658 541423 293801 -966994 918780 78263 370658 541423
-315746 -1483010 -72990 -125207 1158906 495270 916150 -862533
-451552 549832 774247 716564 -190438 -237444 -190438 -237444
-169532 -964549 128845 260852 -169532 -964549 -929723 494865
192939 -205604 -96354 -167318 -858616 -821304 730944 673087
-93526 299466 70512 607408 -1315227 1345579 -1479265 1037637
458760 301576 -362065 760978 458760 301576 -754107 -362036
737526 550987 935866 935497 451214 754462 312376 485305
951398 -1727305 319622 -540623 433678 -297137 677164 -411193
717796 -437975 -480146 -164475 -480146 -164475 -529280 -724254
1349444 -12528 530801 -572008 -277170 -767139 393599 -276260
28709 338669 -894106 125781 574484 -970785 -328534 -360563
32921 -374394 -72589 -414994 242912 -742619 327320 -710139
-45935 -588104 709049 920967 -915111 -673788 -925657 858508
-669773 -1057470 -541223 -916058 1250924 161744 800999 -333198
864786 -281397 1083352 -603069 761680 -821635 543114 -499963
-223440 -301032 -605685 175822 -1559393 -588668 -1177148 -1065522
-291233 -85532 -1790127 -1017796 -28861 -900572 1470033 31692
911162 -135149 227894 312748 -518601 -826032 164667 -1273929
-222895 406547 17189 434045 -191377 556097 -232061 486575
-28636 1358141 -551345 325630 -515108 -391171 -114017 204012
964915 334276 576935 71426 493222 -946273 609616 -867418
446327 129602 -561174 378372 107564 -301329 -729920 624063
401018 -421734 224856 16588 663178 192750 839340 -245572
567982 -549695 -1722614 1378531 949748 -871066 -645133 -614701
-344270 -339677 -25177 -547422 -232922 -866515 -552015 -658770
-986747 202907 182111 -19168 -986747 202907 764626 -602004
1876385 -318792 888364 -628879 -585774 271559 402247 581646
559707 -128947 794073 -824009 625140 -224487 625140 -224487
1647200 1611594 -229263 451455 1220998 1268284 114047 25253
-106777 956069 -116818 75370 111466 -76433 121507 804266
409387 643346 -615771 1294532 -521625 83694 503533 -567492
966859 -199685 487714 647140 318349 551311 797494 -295514
822758 1860613 1136079 1640425 475515 700462 162194 920650
690761 152986 543813 -498616 -300899 161304 -221140 462242
338998 -607478 399657 -401636 600726 -326658 -91778 56388
-191235 -428527 667747 -1039666 641269 14203 -217713 625342
351090 38037 1417604 284515 416506 727241 -650008 480763
592668 -302699 201255 -97838 272214 -533885 663627 -738746
954662 -947810 191302 895215 380646 764612 380646 764612
1388990 316845 529629 -671756 -80252 -603384 779109 385217
-472772 681056 458637 -625638 -1340078 723872 818380 -895540
-403150 -923274 -654305 173145 -654305 173145 226169 -336830
581230 -375031 876944 100396 319174 51711 23460 -423716
474432 -276382 630321 -10490 324074 -45314 168185 -311206
-253424 1187 -547517 223517 -666951 73534 313359 -667566
-41696 282523 -272264 86303 -76044 -144265 901403 -8154
592303 -318806 173922 -355528 -20891 16546 397490 53268
-917340 75570 905393 -214194 -917340 75570 937389 867996
564336 617759 717748 -180307 85766 -691231 -67646 106835
390062 -8352 335852 -25512 297860 -67818 352070 -50658
-454678 -768720 -453037 -749050 878016 -664428 873093 -723438
-1536487 -789272 -1888350 628518 -470560 980381 -118697 -437409
-556711 -409927 262588 226447 262588 226447 897016 267249
823428 1847411 -375347 690968 -423052 -654950 775723 501493
-428028 -743317 624837 793374 -156893 364599 549710 -678089
-959970 -562065 980978 227287 388964 1682998 -1551984 893646
-450369 -981635 -282771 58179 -557601 -203841 -282771 58179
-73268 -460175 -418942 253107 -570372 -524923 -192324 -1486757
-37278 61310 332106 -345906 984014 -163896 706976 141516
202266 -1574898 251488 -62679 671434 1390894 622212 -121325
-34014 -740723 -316578 642961 144650 737149 427214 -646535
899689 452763 1229928 -268540 -212678 -929018 -542917 -207715
-718403 -148157 -278502 -800536 271413 602208 295213 -924594
578510 -310512 736594 965414 -408816 106029 -202578 -588567
183020 -764084 389717 -739943 -863101 -558957 -1414293 -623333
620965 113385 853775 446247 -758022 -611836 -990832 -944698
-513540 -201336 -123977 -774935 392834 -312678 3271 260921
949858 709522 1201786 -578934 -408784 -893844 -660712 394612
697003 770284 822488 -707330 -839883 480584 837864 31765
-883860 -375352 -997240 -952882 299183 -1628 321859 113878
-941387 -232143 -226442 552187 -540174 838165 -1255119 53835
-349620 505932 -1054175 -380748 -40396 124080 664159 1010760
-436832 317478 -73647 299379 325736 1007650 -418733 680663
-445538 -53105 -425185 -42712 611107 969794 -985350 -83139
820029 -115277 694079 587636 -711747 335736 -585797 -367177
91984 567115 -735783 499670 54250 243555 558457 348734
-373054 -961760 221482 -683792 -221263 239902 -369897 170410
-398896 -534104 -415801 -260327 539140 701323 548800 544879
817297 515106 808912 795370 -209143 345229 -200758 64965
-735907 1359469 -424061 1342054 -511136 -217176 -822982 -199761
-199375 -515133 748904 748326 -199375 -515133 -821041 872441
288967 -61769 -657890 -728597 -373474 166900 573383 833728
4457 -49686 964182 996737 -298295 279665 -641150 -508531
778680 1125977 1404740 827551 807888 -424569 181828 -126143
-637063 -86671 -20373 -258806 -192508 -875496 -809198 -703361
-147449 302426 139875 160843 564624 1022815 277300 1164398
719111 -1261123 -183526 -1725014 -647417 -822377 255220 -358486
467872 -769934 1240422 -46684 689761 -571582 303486 -933207
-120790 244506 -648857 172715 479068 -211770 -192581 772573
-1361317 1723632 237937 572704 -356932 758057 -148293 170950
166436 -257313 511084 -118762 91311 768136 150742 -960659
24196 -802460 260387 364341 -245244 -75545 -855173 -899841
1406788 1659408 712008 24191 -833417 -832153 -138637 803064
-225422 -692917 679928 309748 278862 671888 -626488 -330777
754176 -294837 884047 348218 828795 -321648 810242 -413513
-871892 150192 -585203 -842291 -871892 150192 487197 970738
872269 764322 345006 611877 -168585 -920480 358678 -768035
565562 -410120 705252 124482 -999351 417795 525462 742653
430727 -142156 335576 1909143 22645 -120378 281131 888938
478048 -994679 -133298 223421 882248 -135429 882248 -135429
111609 -801315 368347 365804 826958 -31262 -251610 14801
-243480 -568657 -522279 844830 199878 -401831 -772518 1509867
157040 350431 -1070583 675305 39298 58243 828639 -90018
160987 -279501 -585090 -169549 -333666 -145690 -713188 -329700
661939 386441 165095 -31886 583422 -528730 1080266 -110403
169159 168398 910520 -23890 193770 -35879 -285753 344942
-196979 -305986 252242 263691 -448941 77482 -1856832 -1122100
-260733 46087 -732338 835313 102446 -303579 574051 -1092805
-1094245 181136 -551787 381332 -351591 -161126 -894049 -361322
-476527 -194009 462735 -143236 -442223 113361 -1381485 62588
680638 -319362 399188 1267353 281402 -339820 562852 -1926535
-923380 75281 -1492067 -316943 -422752 -254812 389658 305508
-11450 481029 42765 512093 167884 -435241 5239 -528433
-269455 736559 -366716 467540 232315 216571 329576 485590
-324679 -528511 -867607 -830502 -565616 -1373430 -22688 -1071439
178563 -586725 708252 -960837 -76927 -569491 -606616 -195379
-199847 -553084 -552867 -517969 -420311 -188902 -67291 -224017
-212675 186327 -607186 -1058887 326895 -145821 721406 1099393
-97925 -812660 108209 -182138 900886 -284741 694752 -915263
737276 -853538 -214379 -632202 240874 -942228 328494 -846469
-39676 183611 -1034393 -742704 206982 -189071 1201699 737244
1137997 -232561 484141 -552217 -617835 -219322 -290907 -59494
570463 -93937 200468 -59988 -605698 1319867 604412 276058
558460 998390 -14581 -901690 -659270 -364047 -14581 -901690
-1576 263896 15413 137383 83248 222448 108671 328237
-417342 887189 294589 238390 -778928 262958 -417342 887189
61122 -364289 -610928 -213102 372912 220143 664025 -548151
98781 -994760 284307 -753235 934745 167739 -606079 943431
334176 272273 -715883 -183047 836441 -25548 -800115 867567
-611603 678199 -968134 366992 -100682 808757 456814 143572
790905 -327730 -26109 877031 897945 829942 1714959 -374819
-326968 -814709 -20099 -537935 995499 816418 688630 539644
-864759 884801 17063 283394 17063 283394 464356 140618
-423145 -261512 455508 260701 -66705 1139354 -945358 617141
-562425 69720 -419134 301427 -187427 158136 -463342 488926
120546 121066 -31614 371322 -187002 -837519 117318 -1338031
314317 -813439 -206724 80580 113654 -646794 -100715 67526
586609 -522650 -255341 270580 -667121 -874212 -246146 -1270827
508499 -431297 437411 -523291 684217 -80368 968569 287608
-183750 -494516 -382050 -382933 -828382 -1176133 -630082 -1287716
534847 973763 617857 418271 -641879 -789504 -780229 136316
533028 299617 825078 -87002 677797 -830691 385747 -444072
-255690 -131994 470638 -611170 55393 -514897 -225750 -182739
-600892 -442813 487778 916559 487778 916559 79474 -912932
-1584004 526589 -988917 30486 633873 -277902 38786 218201
185022 743454 176469 98312 -134674 -466906 -126121 178236
330229 -961745 329275 -968188 464743 -53282 -949710 -892959
-474672 -46207 -1260613 -451774 -388520 -598885 397421 -193318
-170444 -403740 110014 -770481 -905502 -608032 -998988 -485785
620829 -541753 36559 -1431409 -853097 -847139 -268827 42517
51202 -271500 -755886 709225 745255 -106228 974950 949352
549733 836087 -667544 751417 453890 738853 1671167 823523
71145 386816 -273032 86845 -589875 -241866 -218364 29365
-14277 -175334 1434333 -198682 167135 503618 -1281475 526966
455016 -12221 -693578 -218595 287288 413671 -267686 -50867
-675849 -684526 343190 756332 -892838 -619273 333940 688905
358749 -775367 980199 409443 -227847 -165535 -849297 -1350345
1536 -347690 1536 -347690 924067 105517 -214142 173394
-1205696 1583614 -645701 1986358 294035 679703 -265960 276959
25521 840420 118631 403910 -216876 -74825 -403096 798195
-943951 621836 525299 248688 594235 278971 -731927 -805121
15833 206511 838313 302950 880243 -54650 57763 -151089
-510677 -35441 30470 130353 747536 -802564 -324189 -248941
-801644 -338348 -984791 125875 -1913237 -240419 -1730090 -704642
-988252 -20096 -7331 -924361 947949 396294 782259 -570476
243596 404228 -370041 67319 811505 -390009 449322 358399
-454021 687966 -478095 695188 -706635 250362 -634413 228696
252744 -515117 163186 -603499 -432054 -332613 194852 286061
124895 -393046 -262008 505954 -1161008 119051 -774105 -779949
-143793 789671 -454275 -996518 -773318 932774 868506 181664
54523 -392731 265882 -344298 336421 -139255 153226 -219010
-230084 351129 209252 200976 509558 1079648 70222 1229801
1394243 1398695 534949 796727 998484 -466900 105302 495743
-761976 99699 -939070 138023 -1054042 -393259 -876948 -431583
557746 -630695 465258 667574 942099 855315 679990 -769208
-848858 -145545 -842320 339590 -94123 801821 -103463 108771
7885 -61376 -820619 -663433 -735420 -619232 93084 -17175
-449443 310028 559688 922834 483197 -212870 -525934 -825676
