-152 -14 -111 131 34 90 -7 -55
7 -19 77 -64 122 6 52 51
-84 -87 34 -31 -22 87 -140 31
-51 49 -113 -170 1 27 -80 -92
87 -90 81 -54 -10 38 -74 24
51 -43 46 -54 -64 -4 -59 7
-72 -181 -92 89 -86 8 98 57
-81 94 -81 106 1 -95 1 -125
15 7 39 -15 71 -21 49 5
-40 -69 88 -61 78 99 -50 91
-11 20 -7 -26 37 -12 33 34
-176 57 -66 132 39 -22 -71 -97
-88 85 62 83 93 13 70 -84
92 -73 4 84 -68 56 -46 66
-134 -128 -14 -63 72 94 -48 29
-15 -15 -5 -57 100 -21 90 21
27 -31 12 -20 -76 -140 -61 -151
-93 -9 -28 -40 39 -64 -54 61
31 61 52 -10 44 25 11 -6
20 -70 -37 -29 45 -39 -31 70
-144 -129 -84 -99 -50 -3 -62 -9
57 58 -24 64 -30 -17 51 -23
82 -117 13 -177 -87 -62 -18 -2
43 7 96 -52 13 -53 -94 1
56 -51 34 -53 43 70 65 72
86 -62 -23 51 98 28 20 62
74 -63 48 56 -71 30 -45 -89
-29 -60 -25 73 -92 -8 -82 -55
-2 -32 59 -18 62 -91 15 100
90 -24 -98 -66 -53 23 -94 -43
-11 -38 -13 24 -46 -9 -44 -71
-65 -83 -66 -26 72 -32 71 52
15 -95 30 -15 -2 -9 -17 -89
-20 -76 91 -88 47 -93 -87 -59
94 86 -4 29 56 -47 94 86
-23 52 100 72 14 -60 -56 60
39 52 -6 4 74 -71 119 -23
29 -7 -26 -55 -5 66 28 88
-37 9 73 -87 40 41 71 -86
-10 30 22 74 6 22 -26 -22
-23 56 8 2 62 33 31 87
73 -88 -63 -54 -167 40 -31 6
87 2 74 7 -88 90 -62 -49
62 -82 62 -82 10 -76 -53 -14
-19 70 -49 70 -94 -79 -54 -79
63 19 68 -89 -51 71 68 -89
66 -78 60 66 15 23 -53 18
79 -57 -55 23 -135 -111 -1 -191
12 19 -76 -71 8 -66 -65 0
-29 -2 31 -47 48 -16 43 19
