-79769 10566 -78123 76776 56552 40701 -79769 10566
9480 46211 84463 58664 -44998 44287 65764 24728
75498 -73507 58366 -85083 -71824 -37343 -11862 3173
65820 10640 66794 49129 57535 15800 31706 -7209
-59534 79068 -27688 8753 12846 9579 12020 50113
-107278 48533 -60653 91728 130979 93688 75029 41854
-87485 -29411 -81529 -12092 -168124 17688 -174080 369
36413 4149 97690 -91329 193168 -30052 131891 65426
-22549 17783 66506 -35911 -40428 71351 -70113 89249
94788 22255 41300 -8411 -3116 34351 50372 65017
33243 9422 -184485 95976 48769 73848 -23420 57161
-144965 100084 -63270 90320 86211 -62364 4516 -52600
-20891 8674 -47702 -21511 -17517 -48322 66290 -14763
-181380 -183753 -65406 -92440 49988 40190 -65986 -51123
49655 -28177 47831 -55291 -47250 -62466 -43602 -8238
-50666 69681 26763 -47018 10345 17326 -67084 134025
86622 32594 -69368 -886 -79412 45911 76578 79391
70815 -5028 65249 193384 15037 1350 20603 -197062
-22693 -83477 -20738 -41368 -10830 -41828 -12785 -83937
131739 -112372 66156 51211 56787 74580 -54193 -69433
20869 75451 51537 -15383 19873 -30793 -10795 60041
-86399 -18469 -74594 -33289 -1540 -43709 -20428 -19997
76770 -59736 -16790 -76089 76770 -59736 60384 -63932
22447 -32290 26279 -17698 -54070 -9625 -62692 -42457
-35177 -45944 13654 -79196 -89741 79894 -67482 -4520
-46402 -790 -42119 4241 -47150 8524 -28148 5363
-86904 12909 59680 -99591 144055 10347 -2529 122847
195085 -29562 84740 -77507 -62321 -54282 48024 -6337
-46742 144253 141229 21011 88411 -59548 -99560 63694
-101211 -3618 -98396 -12959 -73768 -2272 -99103 81797
34332 91012 98680 -70444 86795 56868 -10154 62082
120148 67054 61643 -68217 -31913 -131655 4869 -24771
50970 -35614 62292 -72937 37410 -80485 26088 -43162
39616 -65446 83645 24512 -8678 -14314 -52707 -104272
78900 -87941 64508 -81673 -19981 81650 10538 -58168
29157 -57533 -88307 -95361 -48435 -79676 -66272 63596
-98878 96709 48837 95919 -79719 86445 -58749 -64492
-98851 58707 99226 80247 -98851 58707 -20519 83053
3341 25228 -65737 45299 -94970 48668 -2319 13169
65854 48290 -71015 14289 56577 -96428 193446 -62427
47480 57981 -76548 157515 22606 33183 146634 -66351
40966 -2205 30880 69454 -68805 -89011 10314 88403
97056 27357 94777 22782 37239 -76739 46355 -58439
-96027 38821 -183607 85291 55725 15806 125789 -21370
46774 -94537 46774 -94537 -78750 -6044 -9178 67624
37648 -4801 -25084 1118 -77440 -1858 -46899 -122
-28683 65404 -16534 -22701 -42882 31910 -69635 -26136
66015 39584 -27789 13744 -30723 -95411 159819 65424
89841 34908 -99691 77287 -93210 95995 -4219 -47848
23892 -42501 -11429 -78524 -65452 27828 -12666 -41220
50314 41184 78986 -17651 154631 19213 125959 78048
23480 -55274 -50846 -62656 -78744 6630 -4418 14012
-976 1891 -73763 -9505 30458 33158 -53912 -6397
-65705 -49303 -91983 20389 87392 38984 94900 19072
55072 -34632 -26562 -39426 -27831 -17817 53803 -13023
47089 43910 -42409 -91721 -50980 -18678 38518 116953
-28917 -54391 -72240 -41001 91392 60274 34058 -9862
45343 9150 63155 19234 -5366 -83213 -47011 62566
-5947 38567 50533 -72235 161335 -15755 104855 95047
-51650 -67590 -34102 46309 67546 100610 49998 -13289
5422 -18105 67582 915 -86092 35313 73798 2817
-138186 -5232 -4159 -11016 128859 -76786 -19223 -67236
33497 45104 47681 96728 72101 99217 68555 86311
182656 44883 139318 -115915 -21480 -72577 21858 88221
44149 34927 70232 -54046 -1865 -112343 -27948 -23370
50749 -2559 11048 121428 8391 -8733 48092 -132720
-9569 -31241 -8448 -75451 -1035 -7651 -8448 -75451
-3128 121485 139519 72660 90694 -69987 -51953 -21162
-31246 -23564 89519 -12651 -8644 58534 -129409 47621
20755 -14870 -12935 70770 71426 25333 78164 8205
-67515 61121 -59712 97256 49965 5437 44763 -18653
60177 -8848 27638 -17961 68307 -10890 35806 14559
-3358 87252 82497 -59058 92962 -46392 -85208 82230
-62651 -55609 -20031 -48209 -22251 -35423 -64871 -42823
-90065 -50339 -150922 12932 -87651 73789 -26794 10518
-84377 -13260 -48593 -78493 -27124 54429 -42460 82386
19241 61909 60020 9934 120152 -91519 92966 -56869
-11116 -45877 -36235 -57250 -35444 -36713 -22489 -20758
26709 -76454 81354 81638 44900 74507 -70240 58218
-91923 -46417 54007 79946 54007 79946 -43618 65969
117280 -76607 -48243 -56648 -168686 58633 -3163 38674
35839 44126 19421 44023 25069 40010 23537 33253
-20473 -91546 -10005 1819 -50763 134294 -55173 -4239
-15587 -166223 79990 -96086 12846 87577 -82731 17440
44741 12603 -13809 60113 35335 27737 58755 8733
46437 -32466 21330 88936 81865 19885 46437 -32466
70016 90756 46738 28098 -95841 -42291 46738 28098
147327 9659 113992 -62361 41972 -29026 75307 42994
-153815 -77872 -143471 -13325 -78924 -23669 -89268 -88216
187083 -134717 163523 -151830 60845 -10470 84405 6643
-65389 -107382 -110069 14994 -79475 26164 -34795 -96212
-35232 73996 82123 -62389 13104 91478 -35232 73996
41878 -9987 29293 -17645 -33199 -12718 -22507 -67345
-98907 39703 -76323 105231 -53442 -43197 -61911 -67770
17653 55916 80485 -10955 159729 -187197 69969 -91667
-87143 -31455 -79526 -31756 -16822 61859 -54907 63364
49525 39059 67113 -62463 168635 -44875 151047 56647
78579 23086 78579 23086 10269 30884 -62648 -27194
-117822 -75748 -138132 12898 -49486 33208 -29176 -55438
-31061 -72892 -72114 -12493 -2066 -26261 72823 -73908
-1836 38583 2640 -75054 35270 -16161 30794 97476
71133 90325 75819 -23255 86266 83827 -98159 -2949
82543 56567 33530 47389 -2337 12747 46676 21925
83183 3740 68169 62931 -168595 2875 -153581 -56316
-37487 26996 -79415 86468 9067 -27479 78947 -126599
82209 -91503 49846 -31829 14476 23399 54982 -23654
-62312 75216 71928 -43583 -71353 -37235 -48830 27729
-103699 -66544 -141479 51242 -23693 89022 14087 -28764
82166 -6299 -59976 -51071 43803 69325 82166 -6299
13034 25036 32711 41365 49040 21688 26015 -30647
8573 -5830 116418 -93987 71425 37838 29082 31717
2873 17614 26857 45892 27035 11707 11105 -18540
-38042 22745 -8707 50764 -31176 16989 -20219 37032
-53625 -19051 11795 78167 -53625 -19051 84081 -29455
37440 -34158 -96618 73286 62162 7676 154386 -75046
57675 25425 36681 47623 13295 67285 37279 48257
46882 75318 -19541 93825 -67888 31819 81381 -9866
-57696 113125 98797 83653 69325 -72840 -87168 -43368
-59841 43477 71317 88944 82476 47119 38736 -51601
-25858 30358 -27777 73891 8648 -19192 55618 1524
45913 40171 28885 -60760 47931 -56737 64959 44194
-95036 78996 -1119 -6711 -23488 -70645 11101 13071
21925 -54571 57814 65271 -59593 22077 -95482 -97765
64828 -85383 26898 -28943 -10648 26439 15903 -13069
-2515 76322 1422 4711 -38395 -54940 -42332 16671
12040 35430 34540 -30091 25460 38588 2960 104109
37170 92756 27189 58543 -42435 -63752 -42435 -63752
-41250 79220 94838 23609 -45498 -8431 -181586 47180
-26550 -94783 27882 -62815 12829 84339 -779 76347
-73482 75130 20357 40347 18255 -22913 -45005 -20811
98344 -80297 8716 20972 65325 82459 154953 -18810
92023 -17007 -43319 80988 -10920 -77816 -43319 80988
45832 95959 -17008 28863 33314 -18267 96154 48829
69354 -659 -42342 81 69354 -659 -45654 -5066
2874 -1854 13392 -22180 39972 -19764 25332 2552
-9174 -9569 -193103 -101466 9200 -64745 193129 27152
28638 -29993 42597 -81383 -13677 60779 -16779 72199
-59656 64314 95499 -75491 88765 98490 -79838 37435
30097 -65528 29145 97073 -68911 48391 -67959 -114210
27097 -127023 -49326 -4931 -59303 138761 17120 16669
-63856 66408 45762 -4962 117132 104656 7514 176026
959 55413 43514 22448 95419 36713 52864 69678
-89554 56201 -89504 -49713 76906 -27567 38649 -26480
20170 18760 4361 -51922 -57523 -18087 -31530 74351
72181 66900 33922 -90155 32522 38154 720 73971
-48485 11105 -121093 -3991 -78705 -73321 -60553 -69547
99764 -26837 93889 -29399 -31777 -34403 21098 -11345
-95055 20073 -30593 48937 -95055 20073 -27326 24150
-43043 -73093 8542 -63304 -43870 -40854 -95455 -50643
-97520 2071 -69737 111278 8268 91433 -19515 -17774
-35943 138030 -91680 91914 67794 -114045 86373 -98673
90050 -7731 92892 -98799 -63843 -29127 -66685 61941
34956 16336 18772 46732 -9812 65936 -2928 27146
-52933 14480 -20518 -19965 -48962 13021 -5928 19745
68581 36476 -64332 -7820 -20036 -140733 112877 -96437
-28098 80284 -27843 57460 68331 89063 67736 142319
-33355 -85530 20132 -58647 22912 86270 16969 83283
-47998 -50245 -12554 -46728 -30139 130492 -65583 126975
-125432 72453 -41201 85962 -6706 48406 -53501 40901
-16804 48402 -84353 -75066 39115 -142615 106664 -19147
-37055 32409 73798 88782 17425 199635 -93428 143262
-67137 -10163 -67137 -10163 33793 -61792 -85408 -56509
26320 -84041 -7639 -38053 8776 16707 42735 -29281
-38520 11792 65834 21194 -12008 -48940 -101179 -51714
78185 15889 2618 -3370 -132815 -166647 48252 -56120
-31908 -59462 238 4880 -64084 -27306 -96230 -91648
84848 12743 13164 -30947 72483 88027 -17169 92973
15280 -11376 41419 38362 -61178 -88014 -14732 23762
-31846 -53665 2217 6676 -61238 -21159 -95301 -81500
-95116 -38136 2881 -4631 155174 -16946 7119 -54689
36411 80733 6920 100725 -63576 80251 -42511 65971
-102457 161087 -4945 186693 20661 89181 -76851 63575
72008 -55826 88002 -64641 -96705 -3307 -4119 -48165
90049 -31137 13756 56630 -74011 -19663 2282 -107430
-37706 9003 34069 -50807 97755 -20735 25980 39075
31701 -14574 12681 -88941 -908 28753 -57983 98865
-71794 -8078 -47192 -92643 84185 -49184 -12793 -30047
28658 4199 151703 177297 -38324 82467 -161369 -90631
-63783 -18163 -169372 -164701 -30961 -48663 74628 97875
-41013 -87095 23570 28602 -74561 -45465 -12939 -86658
-63287 -35917 -20719 -4790 -6071 -24822 -48639 -55949
93255 98554 55409 -49930 -68734 -43383 -30888 105101
-20109 -86887 9879 -94300 26880 327 -13104 10211
17754 -83806 -470 -47143 17926 -10566 36150 -47229
38766 13671 -85108 48779 -57792 -77043 66082 -112151
-3442 -50825 -88150 90360 -3442 -50825 14885 52172
66890 -20130 31527 -12819 654 5912 29731 -17387
-87788 -45942 -55423 -25872 25217 51420 18744 47406
68104 -38014 -98114 86633 35974 14093 -72670 21670
3536 -67419 61717 -94914 -17570 -58298 -75751 -30803
164523 149984 81382 75348 -93081 -69280 -9940 5356
-17011 -57911 -17013 -50515 -10607 -18078 -10597 -55058
31857 -24688 45161 77379 -44475 26782 -57779 -75285
-145946 75392 -10474 148127 62261 12655 -73211 -60080
19280 48724 -92819 14650 -79437 -11460 19280 48724
-38268 96812 -31341 -64633 26118 -77159 -72743 -42078
8798 -12506 -90357 -35196 -67667 -134351 31488 -111661
-27014 8573 36462 44899 20151 -20584 -43325 -56910
27633 86999 82094 68827 96962 113386 42501 131558
16110 10739 33266 62370 16110 10739 99130 -9742
-13187 -43671 -27891 -17419 1997 -13943 16701 -40195
-59204 91623 5930 151722 66029 86588 895 26489
-27467 39507 48102 -16176 -8535 20893 29488 -35108
91015 4475 -60335 97653 -60438 37287 90912 -55891
-96934 -41253 -49685 68051 79657 29886 6594 -99533
67636 11199 13752 -75619 28447 -59055 -73372 -64116
40380 -31803 24253 -69911 -83151 -63552 -67024 -25444
88803 30529 91442 24687 -79553 6922 -87470 24448
16218 -11417 -30845 -155364 -16528 -4597 -27435 -138991
-36784 24745 -56054 43023 -37776 62293 -18506 44015
62838 93140 83427 60579 83427 60579 50079 -35572
54931 63657 47054 -52224 -92033 80503 47054 -52224
15572 88399 45927 -55059 15908 -52472 -14447 90986
84970 -44829 -47165 26667 -94829 -61423 37306 -132919
-25749 -77940 5324 -67629 -65293 27298 -78610 22879
10523 6016 33404 69628 -56698 9221 -77554 -5007
-98444 133481 54743 69272 159692 -59471 6505 4738
23917 -54673 38077 89492 4040 -99051 41126 -56601
39342 72291 -70592 -20235 21934 -130169 131868 -37643
20240 -21064 -146897 44252 -9978 -71740 157159 -137056
45193 172938 151459 120800 99321 14534 -6945 66672
-67236 -13869 -72804 71115 -86968 70187 -81400 -14797
-49485 -16685 -90650 -51730 -37915 -63635 -85955 -50573
-58259 -6559 -78756 35661 8400 -72628 11763 -87036
31527 -9880 31057 -61218 185071 -62628 185541 -11290
16100 15612 -153722 143791 48492 77618 -60713 95203
-48386 82307 -52488 99260 -69441 95158 -65339 78205
17074 -59271 -37378 44228 12572 16175 49133 -80545
20944 35919 20944 35919 31376 17968 40203 30385
43582 -28998 96432 13092 13912 -13948 -28368 -47620
-79526 -34561 -31655 -93943 29153 -47723 18515 -34527
-60976 80306 6154 -14897 -114812 134802 33402 12021
-8335 -69849 -66957 -72500 -39479 -20649 -60807 -68607
-5464 -59937 49657 -22080 11800 33041 -43321 -4816
34530 60934 71090 -10978 -4774 -93604 -18484 -66637
-48059 -65451 -33602 -23612 -52905 -75305 -23748 -28458
155793 61401 54097 -76004 -99707 -46816 1989 90589
-59255 -70720 1914 -71790 -8024 30188 -69193 31258
109598 53085 138059 15056 -14057 -98788 -42518 -60759
14725 -41262 7950 2824 52036 9599 58811 -34487
14217 -43844 60589 -2396 -18950 93178 13123 35710
-40268 -33275 -80527 41569 35141 50529 75400 -24315
73805 -36969 48741 52999 -59090 -24592 -34026 -114560
-76005 -59828 -3096 14945 65491 -32705 -7418 -107478
-36981 67779 -764 133188 64645 96971 28428 31562
-15134 2311 37683 -105103 -59468 -35181 -18555 -38602
-47748 -76276 -29069 66498 78579 93972 -84640 22487
-117391 107473 560 41721 46193 -85375 -71758 -19623
11472 -41086 34574 -18913 -164983 189005 -188085 166832
-61206 91241 -31796 -12090 71535 17320 42125 120651
-5100 -116174 -35135 -128654 -57599 -74591 -27564 -62111
-64988 -16906 16965 87789 67654 -11159 83422 -23451
74389 178898 60943 92165 -11342 -25008 -5366 13540
35693 87181 -48991 -20797 112976 -147823 197660 -39845
-67360 -77991 -27905 3850 53486 53123 61509 89240
-63182 80006 -47340 35471 27612 -7945 27612 -7945
-24665 -8311 12475 -58709 -41927 -27729 -79067 22669
59245 98647 50986 -33761 -50895 89891 -16027 -20523
62508 -15848 64181 -17007 -56067 90346 -69659 75713
-13016 42651 -31727 55346 -19338 36431 -3737 26897
-142216 -23787 864 -81121 89661 -22917 -53419 34417
-47774 -76734 -83229 -39605 -63965 -85838 -38579 77836
69447 48007 135703 7414 95110 -58842 28854 -18249
34439 -24645 -99169 -80728 81864 -81579 86874 -14790
62270 -65042 37526 -56390 71132 95213 83504 90887
-3781 -37671 25637 9389 -3781 -37671 59064 87530
52222 -9479 -31352 -81390 24382 13739 73129 43890
24543 -8217 56012 -74629 -81740 10053 -13373 10967
10019 20623 5406 2119 -453 20267 5673 -5735
-28662 -40235 -24864 -71666 -89762 12608 -30625 -48244
35732 1587 30687 8218 37318 13263 24849 9011
-43884 -10714 40284 -14926 64890 -26633 -93657 -1264
-49613 -68626 -74071 -54652 72838 -46246 -74071 -54652
17349 44988 69861 93600 20577 80965 -40687 24251
136066 -197166 41964 -71377 -3600 75893 90502 -49896
-61221 -38479 72749 18947 -97143 -32706 -60512 -14046
37855 -29742 6305 -59707 -23660 -28157 7890 1808
84913 -55530 72182 18971 -2319 6240 10412 -68261
1682 139840 47869 54367 -37604 8180 -83791 93653
-62705 -15189 -45692 -53998 -4437 -63673 63397 77105
34809 -177322 -144 -155764 57344 -62556 92297 -84114
31879 -6180 49512 39964 39018 -80233 21385 -126377
4064 16853 -30368 -99844 15740 -46210 50172 70487
-90213 -43858 -91099 -86162 99269 -90149 100155 -47845
11141 25196 -9559 -38218 39398 -22608 57798 33760
-74875 -45359 48575 -28996 639 -63516 -40092 99913
93891 37840 96453 90827 40889 -99028 -70286 -93766
-42445 -27006 -83490 -25346 -82162 7490 -41117 5830
35450 -91711 68423 51845 71592 32553 -89704 -67689
59204 89655 75322 65819 75322 65819 -45633 75917
47599 164759 -58046 22560 -11995 -78722 93650 63477
18518 -38434 -48271 -68892 -32564 2814 -27647 -43351
35644 29146 85189 58826 -14903 52279 -64448 22599
68836 29687 68836 29687 65045 -19427 6485 -2623
-31204 2417 -15497 91287 78532 55702 92851 64718
41837 51829 -50312 29628 -63202 93435 -6255 -17432
-13394 2079 25047 -76838 -59290 -52489 -43163 -19468
-73771 -86731 2678 -92695 -79882 -50452 -156331 -44488
4577 165138 93680 130054 48572 15493 -40531 50577
-89146 20132 83730 78469 83730 78469 -42164 37203
-88588 -1322 48754 -34466 95172 -13948 -90334 -63621
-40172 -49533 -6582 -15748 27203 -49338 -6387 -83123
-46302 87334 -36235 25632 -46302 87334 -85995 89267
32808 25080 9042 -31699 47773 57068 -73736 92927
-87056 44040 -6131 -84570 28165 -62990 -52760 65620
-56370 83419 -9335 -12476 4301 -103339 -38067 -21810
-24011 51972 27621 67939 51638 79210 27621 67939
-31277 116182 4334 128025 16177 92414 -19434 80571
-130209 78932 -52995 141190 9263 63976 -67951 1718
55585 -79322 -72041 79827 34344 -22257 80886 -25653
-27768 -43861 -36811 18420 -92711 28063 -36811 18420
-35909 16942 -62089 26142 7494 44476 31056 36196
124455 -70686 3371 -544 -51411 128220 69673 58078
42539 35060 81035 96465 -27448 -65820 -65944 -127225
-21110 37273 -4153 -52637 75612 -2503 21218 19552
-17269 76554 -8055 4342 -35097 -13786 -53225 13256
-94070 5715 -45093 -45041 -48984 19327 -25353 68819
71916 -48925 51672 -46585 -55242 88848 -21502 84948
-22581 -7423 23162 -131205 70089 -7867 24346 115915
-62180 -76087 -53851 -79432 44362 12602 -22270 39362
18484 -9975 40819 113012 -63644 44367 -85979 -78620
49913 34230 33457 -10378 78065 -26834 94521 17774
-61869 -7788 -115731 54385 -37153 30052 -106271 48206
-90922 -27502 -386 -54257 36227 -1262 31237 66988
-41105 34208 34888 89169 89849 13176 13856 -41785
-17169 27867 114 -1520 58888 33046 41605 62433
36058 31021 17703 73691 62852 62773 160587 -46882
41854 22328 170776 11724 49980 58002 -78942 68606
-55831 98661 -55831 98661 86282 17991 48410 36603
-6091 16213 63697 -27107 20377 -96895 -49411 -53575
44132 -30223 22978 86890 -75254 20394 -44740 -51429
72396 46399 84286 -42794 -30948 -44313 50456 -92031
23849 -74135 -55459 -92936 -8579 -61464 99121 -30830
36035 -90806 -24329 -47841 -24329 -47841 61210 82633
-65777 -56518 -106488 66748 -28046 92655 12665 -30611
-17636 27454 -3044 -2836 -23654 21286 -48276 41296
-113752 -75742 -93058 -87964 72731 -32399 58935 -24251
27719 -39810 -18157 91283 37922 -34672 37922 -34672
-52278 -129826 -86595 -63432 47042 83072 81359 16678
-4841 -41311 187477 -17163 665 34515 -191653 10367
-13196 14779 -72766 7644 -31316 -35731 2999 -19536
-1427 25095 139745 -181867 65854 -54957 69159 -78386
-48723 1482 -48723 1482 -96706 -67167 62611 -25901
120170 -178274 10309 -40068 63850 -76750 61071 -11908
-86379 8740 64612 -102573 10607 77072 -140384 188385
-27739 -43958 -43040 88384 54055 -37646 -43040 88384
106917 -65653 12571 -92576 -65575 -33253 28771 -6330
-42162 -92841 26269 77290 -85120 -46745 98436 -63373
-25631 60925 -75926 -19739 -18642 -83893 31653 -3229
94980 -68338 73698 8650 94455 43617 87515 81198
4492 -97966 -36697 -45059 38135 44763 65666 -71156
-136625 95191 -30986 147293 21116 41654 -84523 -10448
81751 94518 84879 92704 93949 108344 90821 110158
-76478 83713 -5666 38127 -20510 -44771 -91322 815
37590 -63675 73722 -6491 16538 29641 -19594 -27543
35624 -39300 -37079 59059 -76750 12587 16412 90068
-93476 -307 -19057 24867 52491 33948 -76697 -11189
-121251 -2474 -39206 -23107 23477 -79922 -58568 -59289
-12864 26956 -73718 67984 -26786 11558 34068 -29470
83928 -37308 94480 7993 -81330 -21453 94480 7993
-41832 47494 -57432 -72021 -57031 46588 7465 -97838
66416 -66685 24029 -30954 -11702 -73341 30685 -109072
73089 -22332 61528 -92685 75087 -79186 77419 -95637
-37045 -36985 -34445 22695 92345 32011 91045 2171
95839 71925 2506 24855 -14718 12761 78615 59831
100544 49298 69327 -47863 -27834 -16646 3383 80515
-139232 85397 -67913 149953 61199 7315 -10120 -57241
-13575 67333 45050 23637 61324 -9386 2699 34310
-11731 86870 7763 71020 -13648 -6832 -54141 93132
12037 -648 -48010 -8252 -86827 -36136 -39138 -32968
-10450 78392 -47604 72905 77405 86442 -47604 72905
80802 84312 65211 -14635 164158 -30226 179749 68721
-82955 -5619 2329 5112 13060 -80172 -72224 -90903
-86604 -19153 30395 94150 -92224 -22275 61257 -19837
-27628 102308 43177 8946 79617 -70294 8812 23068
-29562 62958 -47211 -56451 -51717 -55785 -34068 63624
-58346 40972 99295 38320 -36060 -57193 160820 81735
37283 24329 22755 16311 36423 25797 51381 33081
71694 64425 -27090 -56263 -64805 -25393 33979 95295
-93047 -68763 -25527 9962 -92910 99658 -99796 83256
6768 28645 31701 18360 77584 81208 77584 81208
82014 -34148 -22745 -54594 -2299 -159353 102460 -138907
67625 -50400 -60708 -20198 16560 -36339 17981 28771
-6193 49510 58762 54052 63304 -10903 -1651 -15445
73555 95556 -36164 -5405 -68079 88632 -84325 8
80428 -40809 69562 -37531 61367 -64696 72233 -67974
39196 -178783 -116392 -132053 -69662 23535 85926 -23195
-13250 30403 18129 -67466 80034 -29102 48655 68767
14859 -23442 -17062 -45281 -38901 -13360 8143 89119
35409 -27148 17713 -41554 24916 -50402 42612 -35996
89555 93832 -41571 67894 -22847 71078 19652 -65444
-15788 87746 85855 87947 86056 -13696 -15587 -13897
42327 -90344 -21939 -54223 -63568 -14520 698 -50641
76109 71298 12414 8783 -75815 22230 -12120 84745
-87355 -3149 17650 -23774 38666 -56121 -66414 105614
-98592 -4218 96588 -6157 73227 68176 -121953 70115
46166 90630 55304 46002 91609 -168966 76379 -94586
19262 85150 52753 8558 20319 -88229 -66770 58094
31029 13385 -28059 -1237 -7956 -14333 41284 -2148
113460 129798 155593 85443 66883 1177 24750 45532
-52350 -77686 -48906 -79516 6505 -83883 4209 -82663
-28090 56991 -14202 20025 43771 -42132 -26548 90141
-2700 -15735 -75668 -34552 70268 3082 44434 69908
3338 25552 3503 26211 2844 26376 2679 25717
32757 3928 8256 -32039 -32925 -46112 -19544 4451
-4411 -111072 -123320 -50799 -63047 68110 55862 7837
-12663 53168 3061 90988 -27884 102883 -55401 36698
-102539 105946 -882 135100 28272 33443 -73385 4289
46964 -30859 85218 111217 -4738 -5217 -42992 -147293
5164 -7432 2867 -101353 -91054 -99056 -88757 -5135
-12192 -24140 50215 74250 -20954 79616 -83361 -18774
-89259 -50388 -61951 26758 81855 -68361 35989 38478
-10433 -21385 -30394 -50311 78592 -52801 98553 -23875
-44729 14141 -24244 1598 -38329 21055 -58814 33598
-89780 36564 -65360 80036 -63384 78926 -87804 35454
50831 40767 -93390 12247 98116 -29780 67972 -18937
-70632 29535 -51357 -88825 67003 -69550 47728 48810
45523 -7940 28807 13902 9611 33600 28187 13366
-96943 -92046 59085 -98090 -7127 62195 59085 -98090
44541 71840 -59703 -41973 -78193 -2151 -15027 6804
-38984 -64959 -8369 -91719 -90490 -54708 -121105 -27948
-47306 58052 -37962 63496 -40684 68168 -50028 62724
84341 45982 -34900 -5643 -162565 -29834 -43324 21791
-84163 -99297 37772 47908 -50551 121069 -172486 -26136
21441 -69751 21441 -27121 43048 3111 43048 -13941
-93678 44498 -55378 44552 -15862 -13060 -38913 20547
84741 19158 24561 91158 26961 93164 87141 21164
30427 -46428 -19945 28478 53290 -128955 35073 43720
-22589 -30926 23444 73078 -13087 -39185 -21275 64639
-29672 83880 111851 62398 90369 -79125 -51154 -57643
-18770 10326 14050 -53891 -4266 31225 -58839 -90764
14742 50935 -60206 3027 47587 -165606 122535 -117698
-24688 -33934 -5224 -29697 -23800 -4960 -43856 -28513
-31401 64360 49158 -42151 -65966 -82954 -1675 17039
23152 43392 60302 6297 75140 21157 37990 58252
-82249 -123744 -87382 -103304 14818 -77639 19951 -98079
58777 172381 79121 75262 34075 -70824 13731 26295
29048 -23843 -44152 26707 6398 99907 79598 49357
19111 33531 9455 26558 15967 37079 27195 42278
16594 -27944 25424 -30329 25526 -72043 9388 -33577
-52870 44729 -60545 -23891 -14109 18947 -6434 87567
-39726 81382 -91435 92358 -100843 48036 -49134 37060
-60095 -132731 -64859 -88397 -31212 32933 -26448 -11401
-20816 11287 -72703 96196 33446 35305 98922 40568
90626 31207 71871 77342 44190 66089 62945 19954
38565 -6280 -30659 72160 -69039 -32115 -10038 -80294
17078 60066 -10469 35072 -47658 34354 -20111 59348
-29323 -83439 -22435 20840 -126714 27728 -133602 -76551
-1422 -22345 13590 -36891 -7054 -40173 18047 -38299
105393 -53752 39949 -162325 -68624 -96881 -3180 11692
-42665 -80054 46265 -8097 78291 51494 42087 -20052
33642 55809 -68156 78089 -98455 39687 95446 88559
56121 38763 -5383 95931 25413 35822 65311 63430
-47821 -33924 -74132 -62413 -41301 -45060 -10100 -24923
-9804 15634 47683 53011 -25035 -16554 -82522 -53931
148231 87600 79795 7896 8721 -128309 61949 -66317
-92570 -131005 15971 33605 189206 127771 80665 -36839
39432 -52531 39569 82711 -89560 -35513 44135 -70170
1129 -8302 -50798 2613 -39883 54540 -145061 -58905
-68792 -164716 24494 -26159 149016 85172 55730 -53385
-184719 12709 10115 30838 -12720 46225 2667 69060
27843 55398 46006 -86831 72381 -80823 54218 61406
-67702 91800 -35158 95160 -76653 -44565 -125469 -49605
-57368 -5410 -27712 -23232 72823 -69418 72823 -69418
5525 -48781 6859 -32463 -54014 5108 -56682 -27528
-60052 -8866 36901 -89407 42971 -45417 -60052 -8866
22071 23349 -42790 11919 -40650 -34871 4726 10644
67111 14761 83281 8891 18389 28752 13538 30513
49247 -41546 -22709 -78007 -59170 -6051 12786 30410
-10217 -11051 15649 -4751 69819 -37844 843 -54644
63034 -27249 69517 -93534 98739 51432 7038 29666
40587 -36622 -7206 -7000 22416 40793 70209 11171
-7218 60742 -20707 45074 -16266 24882 77908 20192
4341 -73034 87310 56985 -8166 -20313 -32307 50315
-98089 53141 -11684 -43249 63753 -95478 -22652 912
-84772 -9301 64805 72851 -54689 84277 75563 -98166
63 42251 -15736 10998 -31259 42389 -14908 198930
32247 -85048 -90739 58896 -85369 62548 -89712 51521
62307 -86813 45386 41528 -56487 76509 -14741 -37035
95894 13236 -38683 -73632 -44481 19622 -44979 -77696
-48057 2438 51865 72286 -27271 53036 -64322 43523
-58940 25812 -101759 -59200 -8058 -42448 34761 42564
-110879 -35135 -118309 -25422 -21179 48878 -13749 39165
24679 40793 4259 43734 1318 23314 21738 20373
74385 -1274 -4359 -90636 -123095 -81258 -44351 8104
-43961 107091 12069 85651 5637 68842 -50393 90282
-46740 -46807 68877 49279 -27209 164896 -142826 68810
-81394 -39391 -49416 40001 -22599 8451 -54577 -70941
35199 -78875 35199 -78875 -43689 -55873 22978 -29463
-42476 101059 -32807 90947 -42919 81278 -52588 91390
-47401 8385 -40635 81503 -2177 18949 -37994 70197
4329 -27693 24079 13219 -300 15165 -49058 19057
-56139 -42068 6937 -39458 -15989 19362 -17635 -23398
-74656 57667 -74244 63794 88289 14342 84169 -46928
79640 19778 12048 -65598 97424 -133190 165016 -47814
34284 13904 8395 -40536 29180 29017 22091 -216
-32871 35637 -13417 21029 -36993 27031 -47841 37517
-88368 81646 37112 -20298 85052 151188 29122 -48879
43994 -18097 24053 -5510 125201 31034 45889 -41602
1170 -50219 -41307 -69754 -5262 -39977 37215 -20442
58377 -99338 40973 -23074 47558 52688 49046 -38579
-71755 4708 -41385 100968 54875 70598 24505 -25662
72419 -57147 -10156 -21670 46336 24385 3811 -98101
-38872 99134 -41737 -64938 2322 -48633 -6826 -26843
76749 63534 -47703 -92907 56591 -175875 181043 -19434
-13187 -64232 -7412 -48522 -1343 -5472 -8273 -24324
1632 -89035 -51314 16756 -41107 -7495 1632 -89035
-94664 116436 -14207 19487 17236 -65748 -44571 837
-20494 94775 -53482 75335 5157 12137 46392 36437
40944 -101064 30632 20576 61042 23154 71354 -98486
59692 44984 64659 47677 39339 317 -10331 -26613
-30892 150969 103481 86318 38830 -48055 -95543 16596
36129 -40030 58204 3903 87399 -31381 65324 -75314
54088 -82421 48204 -77970 80338 -74787 38194 -54399
-74541 -24186 -76227 58243 -38973 -20072 41425 -42930
87476 -18777 80656 3522 19033 -87160 -80286 16953
-67859 -159834 -102967 -132537 6221 7895 41329 -19402
-4203 -140358 85797 -92100 63991 -6731 -36009 -60351
19022 77296 -43315 -64225 -71827 51516 -9490 193037
-52891 -58019 -57371 22321 -79768 124756 -75736 52450
5252 -36151 27405 12393 75949 -9760 53796 -58304
-35559 -1557 98976 2357 34367 -75802 38539 -40540
31568 112539 10539 31007 -46384 -31037 -25355 50495
73271 -56422 97050 -57411 73271 -56422 89452 -44995
-22029 -166587 -58164 -171244 -81449 9431 -45314 14088
59055 30411 -13730 15936 -80643 48027 -7858 62502
-153605 -31642 -59977 142610 27149 95796 -66479 -78456
-44982 -30206 -30428 -32560 -32782 -47114 -34655 -35610
118430 -65513 101708 -130303 -27872 -96859 -11150 -32069
74548 31171 -47936 52047 -59798 66910 -47936 52047
48894 36723 10066 47939 -27726 33615 11102 22399
-56814 50172 -71039 76092 40166 -148 62926 -41620
-47437 -22632 52960 61338 50273 78571 -59314 32149
4778 -4675 45215 -50046 -89994 -92020 47823 -28673
25122 -15695 -25371 -1182 22892 19575 73385 5062
79989 68045 -7702 124887 16597 23249 104288 -33593
-65686 -29110 -44601 -31435 -33810 -49698 -54895 -47373
72802 -85818 12136 69132 -91164 28688 -30498 -126262
-6929 -87938 -92872 -5969 -86758 8074 747 27485
-72573 145511 56256 51044 102639 -101827 -26190 -7360
72216 78512 -92983 99582 79219 13951 93811 -80278
-87876 -76987 48235 -45787 28239 83497 -107872 52297
18009 28388 89972 -19656 -88498 3397 63149 9078
-148465 67194 12875 126241 71922 -35099 -89418 -94146
36733 -15999 7864 52341 16055 -37356 59078 58263
-43349 -56108 52906 -39160 -44799 -36712 -141054 -53660
70935 12237 64714 -68345 145296 -74566 151517 6016
92063 41963 60570 -88349 23929 -79485 -27237 93792
-1503 75998 18103 12640 -45255 -6966 -64861 56392
-11828 39167 -16286 38893 70006 -76758 83380 -75936
37052 -52271 20513 41266 -96747 85367 -69081 -58002
-54843 5714 -29265 -50492 15028 13162 66679 -15486
-16248 41598 -11543 30518 -22623 25813 -27328 36893
75025 -29880 69976 -24636 47482 103308 92923 56112
48677 -69135 -6420 -33022 58882 104875 90366 84239
-82049 23961 3189 11215 -55203 28661 -6211 64907
29102 49235 -79900 -39666 75695 47596 83094 20965
76487 -33762 58718 -12387 51653 -26377 58718 -12387
-29785 41101 -7634 69564 -36097 91715 -58248 63252
15096 -24757 -45166 21042 633 81304 60895 35505
-42374 -94789 -33933 -77576 -171637 -10048 -180078 -27261
-37374 -25923 -20309 -85909 79470 -73632 97702 -94833
-56873 -32421 34538 -11519 -170563 -30126 33620 -56995
48713 10627 4067 80228 -25467 -42656 -19089 -52599
13265 -22639 72978 81377 79436 52956 50900 25939
-3419 38501 -84734 68603 63131 -80929 -84734 68603
830 -151643 -20014 17715 7396 186135 28240 16777
67524 -53090 94363 50834 -71276 89912 -3526 -23802
33021 -42633 -19720 92765 29633 -27603 -88166 21071
-83725 -79065 -65757 -51991 -174053 19881 -192021 -7193
-1483 -53048 -17341 -69342 -58331 -30968 -34544 -6527
-46161 -91136 -56643 -39910 -31326 31984 -23811 -43866
49974 -11553 69931 -32037 49447 -51994 29490 -31510
-33089 -6472 -30574 -10225 -28089 -1448 -36854 -3975
-25850 -983 -5737 15098 10344 -5015 -11785 -39193
34721 -1038 -77274 80269 -16717 -44176 95278 -125483
-60025 -16223 -22565 2995 -39820 22918 -66055 25445
-23048 -88160 58184 -9315 25759 11693 -94177 77914
64797 -29384 -83179 -32512 -50631 -89995 97345 -86867
-36507 -66811 -7867 -9059 76580 -9126 44360 -74097
-71238 8036 -50092 -71730 50336 -88156 70808 -72099
-34247 59956 -33863 62854 -38693 63494 -39077 60596
101376 91094 90331 90818 67500 -67878 78545 -67602
-88704 15042 24572 -84325 123939 28951 10663 128318
51863 25376 -13815 -17703 -87685 8992 -22007 52071
54243 18650 -31927 65680 -17818 91531 68352 44501
35876 54445 49095 30198 49986 74719 8547 58418
-72972 63041 -85443 -97844 75442 -110315 87913 50570
-37382 139443 87270 53478 24750 -37178 -99902 48787
132762 -74980 -15294 -50942 -119316 57122 28740 33084
-78360 -129318 -14867 5627 -92400 -186104 -71653 19667
186801 -11942 187701 -72340 -53891 -75940 -54791 -15542
93662 8202 92916 -18373 70869 96319 -32183 -9985
-131974 -172617 -20123 14487 166618 126943 54767 -60161
113862 132807 3939 -51486 -97990 -88334 11933 95959
93460 -36013 19214 54285 -82252 43796 72756 83280
27371 7538 108355 -9024 53505 52816 -27479 69378
73077 85905 -61263 -69327 29289 -147692 163629 7540
16202 45606 -55600 20607 8709 -51990 -67049 -88651
29749 -26915 -86654 -16536 19591 -64095 73358 -6383
-1057 -9282 17613 -16356 28224 11649 9554 18723
-46410 -64602 -97682 98530 -31918 -23992 -6410 -34294
85057 46630 73959 -17640 -54581 4556 -43483 68826
-46611 99233 41548 68251 15937 -87334 10025 -97742
-59686 -42691 14073 41153 42244 7846 42244 7846
27555 38105 -9625 -56251 84731 -93431 121911 925
-64053 -11946 83268 77547 -82528 -76990 70897 53725
-75481 -162932 -154185 -84804 -76057 -6100 2647 -84228
40876 -17356 -78171 68090 54961 9959 -85001 33492
-57818 9054 78557 32184 60053 141284 -76322 118154
86 18968 -124140 113255 -92542 -39466 31684 -133753
-44175 -21610 -37934 1587 -24507 21506 -16376 -8247
33420 54352 98205 -21907 -25025 55753 10376 -39863
125987 -10561 -7700 -95790 -165787 -83761 -32100 1468
3034 33869 -99928 22666 85073 25788 64745 57838
-20874 37537 -19051 -68309 79437 -19590 454 -52003
39167 -80298 30451 -69006 41743 -60290 50459 -71582
30063 -92373 -20947 -30253 -58219 -60859 -7209 -122979
-88612 -77962 -37260 94588 -123535 120264 -174887 -52286
-87150 -43798 33462 79501 -73379 22375 76116 97985
75398 -35946 -65894 -49742 -99413 22702 -99413 22702
42417 -76561 14965 -6210 20066 18273 51619 -38336
60195 70493 -42766 90266 27739 12671 -129499 138950
81939 68748 3641 54552 -71173 -72822 -71173 -72822
-95436 60341 -1257 36243 -92085 15865 -32102 72330
-38788 -13365 133211 -105322 50786 71443 -121213 163400
-129159 -60427 -45372 11009 62049 -13159 -21738 -84595
57733 -40926 39076 -78503 39076 -78503 -30792 -75000
94183 -17581 22498 -1434 70061 -16219 21136 -25556
54754 -69474 -18298 10631 -99832 -15804 39603 71495
-120938 27524 -58281 -53937 -26877 -51137 -29677 -19733
21523 -75077 -12573 -98941 -13275 36878 29345 66708
-10634 -22794 -72292 -18048 -138686 126615 -5888 38864
4931 -84041 38086 -98271 -59613 91636 -112661 114404
-31121 81816 30611 -24764 163836 52401 102104 158981
-20533 52141 -65005 -490 3783 -4489 -93320 -12648
23711 -55267 -41751 27225 20897 -61625 -41751 27225
-3254 32169 50482 -65296 57544 43801 -31656 7252
144943 -42422 66539 -85378 -8634 51829 69770 94785
25591 21884 45906 31340 30303 38076 13522 40764
45273 -18569 11823 1206 9898 45148 76798 5598
-77255 -73835 -69539 77666 40713 3283 -69750 22983
-4306 -50704 -369 -90307 -39972 -94244 -43909 -54641
-64523 -94484 -4729 41547 -101894 84257 -161688 -51774
-63648 3406 23338 -45453 62315 16215 -77244 96244
-19188 80671 -10979 30554 -822 57463 27701 61164
60687 -15522 -88618 18988 38702 -90473 -88618 18988
81866 35383 57787 -98270 -91963 -83532 -67884 50121
76850 35583 -4361 -53020 -31883 79556 49328 168159
44364 21355 47696 24837 44214 28169 54510 24987
64259 24044 69848 70694 61489 -45597 -90094 5466
-37500 13752 -52675 -13417 -54144 17668 -38969 44837
173326 -26217 49756 -118516 -42543 5054 81027 97353
29851 -30440 -37799 -41620 -27566 -37228 -506 -32756
-31390 69309 -174386 -1333 -17604 -30617 125392 40025
18189 15285 44024 109095 -46525 73477 -101456 -52690
-58339 -15736 -28315 -126263 26169 -25520 -3855 85007
-81097 -82769 -546 4506 63497 33114 92958 3472
-1421 -30174 38841 -5910 80713 -27276 40451 -51540
13017 71617 27938 1924 8031 26817 -16862 6910
-98070 20050 3734 -98527 60434 39544 4855 -95078
-169329 -66772 -191972 -19456 -97340 25830 -74697 -21486
-2125 33655 70373 -85012 -65006 52927 -45636 96279
-20694 121438 -96056 42221 5606 18049 80968 97266
27782 -75048 20948 -67626 -915 -6052 53757 -65428
62090 52271 -58771 26579 -64954 46162 55907 71854
11735 -52237 28381 -18927 34150 -39422 48885 -54791
-26440 -13328 -65102 -47304 -45238 178 -6576 34154
-50319 -37806 75490 39563 -1879 165372 -127688 88003
-80725 -53890 87170 22263 -47880 86451 50115 45060
-20424 35929 -70087 -64344 71670 498 121333 100771
-38865 37056 64624 56629 84197 -46860 -19292 -66433
-42881 -34900 67447 -30145 -42881 -34900 -24289 -4808
-63112 -3194 -42567 34387 38729 -45395 29879 89
-25348 -2219 34035 -54318 71828 15053 12445 67152
19232 -79387 13378 -88634 96601 -141320 102455 -132073
80013 90507 81862 82168 -45245 -27996 -56339 22038
-49326 49356 68120 50285 67191 167731 -50255 166802
-41956 -6800 44649 51840 39452 79384 -59277 -18528
36582 68771 57807 86105 37467 21072 -19133 -25152
26603 44232 89525 89990 40553 -66340 52527 -30022
52907 52187 -60044 83776 -78898 58811 -60044 83776
-54407 37472 -43148 -41028 85318 48247 64564 -4461
86966 88387 109051 -49478 -28814 -71563 -50899 66302
-17126 -69344 5765 -32991 -34632 37302 -57523 949
58135 -21357 -98075 97954 4233 43315 -23192 -73973
-73217 27894 -43562 21564 -49892 -8091 -79547 -1761
-66418 -10452 90452 3227 76773 160097 -80097 146418
15115 96186 -36585 38062 -14954 155 15380 1338
42034 63645 -61324 -50201 46495 -8282 95556 69336
14443 -46628 198438 -30127 19037 13938 77306 -20939
-70626 -39229 -99430 -23437 48516 -97052 77320 -112844
98429 40693 32444 -63912 -173875 -182354 -17122 -3400
-40573 39118 -64678 10599 -25463 -60342 -25463 -60342
98789 -18922 44733 -11094 -81348 43679 1977 -82546
-81549 -32543 33575 -46742 10996 -81431 99231 -2141
63637 58196 84037 -6272 -12665 -36872 -33065 27596
23546 -45302 11926 -59523 11330 -41168 10548 -63595
81221 -28329 -99092 45845 -26842 -52967 -134905 -77605
67162 24608 1365 -58962 -31141 64462 67162 24608
-9434 15978 14354 -38841 -40678 -15550 -17174 -7597
16264 -101420 -23532 -78016 -27215 14211 -17266 8360
3405 74000 21491 -43573 -17075 -88110 -43353 -35381
70007 8078 66415 56119 -77708 45343 -74116 -2698
-68554 -73132 -15388 -88806 56688 24747 65951 47442
51566 -68005 32615 60432 -90809 13039 -71858 -115398
-62413 79091 -40530 8435 33427 9659 11544 80315
-684 24173 -5981 44446 -168165 2070 -162868 -18203
45603 97725 58063 32050 12999 -17323 539 48352
68001 -53168 38469 -53096 -19093 -9624 -9249 -9648
-48353 52624 -29761 -53932 12645 -68054 -66054 65083
194499 126494 71248 -23965 -100391 -115446 22860 35013
9051 -49415 -18988 -20792 20033 -83529 15126 -9810
-11115 -23008 -47899 -37416 -52474 -33499 -47876 -31698
18466 23790 -2111 66131 -28868 54667 -28577 25559
-2381 37845 34621 51971 48747 14969 11745 843
36475 52362 81319 -31980 -90119 62370 50604 38361
-20927 16435 -17897 81182 -82644 84212 -85674 19465
-29891 -78710 69012 -84069 77895 -50276 -61341 55421
-83336 37786 21951 -97000 156737 8287 51450 143073
-30217 21197 50163 52431 25757 81425 82272 -78025
-36454 84877 -2109 16821 36880 -1860 -45378 28173
94266 124607 86268 15328 -5954 -43841 2044 65438
54175 34458 11300 61553 -49300 30314 27875 -18457
79806 9022 28671 34677 -61480 48664 -24955 30339
-77744 -37689 -9554 -16360 -47025 -513 -20025 54479
76510 -67234 57072 -52708 71598 -33270 91036 -47796
-105061 65687 -55550 55558 -70424 -9336 -98716 -3548
-76171 -16674 10126 -20636 14088 65661 -72209 69623
34736 -66434 22369 -15211 -5151 -96620 83476 93910
-45280 -148750 -129508 -85590 -66348 -1362 17880 -64522
-2362 77371 -116197 -51244 52040 -16653 165875 111962
-95789 -52174 -3269 -95512 61738 43268 -30782 86606
61632 -22503 -41190 39029 -32107 16405 -78319 -36314
41361 184770 55917 15485 -10903 -140734 -25459 28551
47938 124856 8753 -21964 22298 -61874 46099 -27092
-38543 48771 47032 90260 72217 -7524 -11167 74099
-41026 -73011 249 -5780 -44034 -93509 -61245 3244
62227 51496 15063 -3796 -26406 31577 20758 86869
-9703 -91166 -38178 -166511 46266 64294 1687 -61028
55123 90546 27430 42404 57307 21520 85000 69662
-6529 112140 56432 69030 -29788 -56892 -92749 -13782
69961 5813 39865 -5239 -97351 -60267 -29635 -35400
-11246 -43412 15186 14653 81546 -15555 55114 -73620
-64786 14153 -51057 52346 -12864 38617 -99985 156190
11356 108783 69163 82287 42667 24480 -15140 50976
7981 -29738 13176 -18121 12293 -5426 -14175 -13270
-61763 5935 -124796 -93839 -7157 -84401 55876 15373
25466 -39102 -49499 -43697 -98154 13518 -23189 18113
34510 -64958 -72028 -7527 -90006 112162 16532 54731
21025 1739 -52316 85716 19948 92775 93289 8798
-30431 -122602 -92437 -100411 -48055 23601 13951 1410
-53638 -31953 -20973 -20691 57213 22913 24548 11651
15205 -14694 93417 85969 -19048 45878 -19048 45878
57274 -14883 -45191 42240 -39421 52590 63044 -4533
9445 93003 96817 28428 6747 37935 -80625 102510
50843 -31 -80659 52530 -56218 86011 -11329 50491
-67594 14710 -55482 -102 -343 -25681 -36679 18755
-25008 62595 -75270 69931 -55340 67068 -5078 59732
-102255 -33465 -27031 -48480 27826 -27221 -28815 -11314
-33 -72444 -78563 -154384 32344 95162 40197 103356
49579 -7919 70491 38953 98396 -12353 49579 -7919
-123 86595 71241 110533 95179 39169 23815 15231
-178121 -28822 -69256 33096 49299 29303 -59566 -32615
-2248 29029 -70648 -2696 25367 -35917 -70648 -2696
41915 77045 42237 54118 65164 54440 64842 77367
-6334 69907 -40181 10608 -16408 -113027 20797 7250
-68918 84065 -92874 -18806 16279 -69890 -92874 -18806
46096 99239 -69474 19749 -37517 27625 78053 107115
-86596 -78729 -626 -70799 -76202 -7526 -84799 -8319
58778 -31566 -5201 79399 58778 -31566 77691 49810
18977 80334 -79050 -3633 77155 77863 22996 -52388
31818 -3555 77880 -84836 159161 -38774 113099 42507
-53344 57223 -71388 8256 173447 -81964 191491 -32997
-38564 -16448 -95478 -16553 -95583 40361 -38669 40466
-13483 65596 3680 61930 1236 50488 -15927 54154
-64756 -73371 -10842 97769 -98650 44818 -86323 -4217
91193 59773 -64822 5315 -10364 -150700 145651 -96242
62056 -28369 -8807 -7938 -34980 61011 35883 40580
-87352 -60051 56935 3246 22957 -52743 38715 34288
-197721 14196 -197607 84543 36883 84163 36769 13816
24728 27497 -121137 5742 12802 67469 -101151 11705
-63318 72468 35127 67138 89930 -14816 -8515 -9486
86487 33559 78811 29357 85114 17843 92790 22045
53810 21060 -60420 34732 -29476 -88331 84754 -102003
54486 5730 80531 -45291 27360 -23976 70629 -36249
-37295 -2377 176743 -81408 -50163 -57495 -181524 2234
7621 -27261 36479 18237 65337 63735 25831 -2799
-28587 67241 -96536 -75522 -11049 46353 56900 189116
-13926 -22931 -68721 -28304 -74094 26491 -19299 31864
-42853 35022 -28703 38172 -35689 50874 -49839 47724
19552 59231 59226 22672 74909 -31119 35235 5440
2617 -13685 48515 -21744 38301 23723 -45005 67466
4950 -105155 -93985 -79850 -63619 38872 35316 13567
13114 166010 62810 97706 128723 -89812 91451 -38584
78554 88713 71250 -38153 83489 57562 7136 -26566
-32312 -28356 42374 13292 125734 32362 51048 -9286
76810 42806 -43380 -9236 -86644 -92633 33546 -40591
56319 -44696 80574 -58363 52936 -35841 -42660 -70542
184 38740 -54251 73598 184 38740 19638 -88992
-14748 -32395 -46907 -65836 182052 -28549 -48189 -236
41517 83613 49133 14575 118171 22191 110555 91229
27016 21843 -85520 169 -96093 -20330 -54337 44
-39681 10341 -49419 86796 96191 -47152 98355 -64142
-76983 -87718 -49623 -114562 37070 45944 27950 54892
-3105 49662 74038 -9922 -88815 -14388 59132 61356
11981 55782 -17994 59673 -21885 29698 86342 -75791
43947 36859 67878 -14293 45263 87353 17384 -12977
-64803 57149 -39137 55381 -19665 38567 -11264 123088
7723 -26619 -26644 -6760 -43444 -66759 -10713 -10683
33080 28475 -84383 -26981 -53491 -43552 -24067 -43763
42783 -116730 66428 2619 44240 -146203 7482 -295
-78149 62601 -69762 95604 -44960 -35373 -53442 12766
-111449 105336 -16430 -72845 -161701 166558 44792 -22593
33966 8985 24716 -26109 49626 -52503 58876 -17409
72894 -25196 -44057 -92308 -15875 44746 101076 111858
56327 37147 41527 -12207 63727 61824 41282 -58606
74406 -48333 9184 -57207 43725 -42543 16904 -16299
74938 -71362 86874 -68361 57165 77786 -14685 83424
-83953 26940 5557 -26675 -89870 123526 -68664 90148
103578 53656 72519 -28090 14129 -5905 45188 75841
60136 39898 65985 4884 35914 -13982 30065 21032
-68776 42719 -61299 44571 -61021 4241 -75975 537
-15932 68244 -94961 -93684 -96348 34723 47466 -27408
17235 -40594 187139 76202 -14617 33738 -184521 -83058
-38544 54479 -38544 54479 -88762 42186 -25913 -51740
-12102 -31816 -6297 -2869 -10194 26396 -15999 -2551
51183 -60603 43107 -16480 -91862 -55133 -83786 -99256
-135164 28880 -79206 24365 86963 62855 54987 65435
74707 60014 68667 61736 -61133 95586 -18853 83532
-73982 99483 -61967 56988 34994 -77674 22979 -35179
89918 57521 -14209 53132 40382 89226 -82193 45691
-144049 505 -76927 90765 13333 23643 -53789 -66617
-94801 -86822 -113638 -80402 -63691 -78830 -32296 -89530
57777 95357 62008 39911 91738 89435 48583 -94598
-31709 66450 11974 17548 -35913 86363 -36567 -96150
33322 70302 114931 25877 70506 -55732 -11103 -11307
19692 77911 94487 97238 94487 97238 81580 20439
75705 -123649 -76381 -113862 -66594 38224 85492 28437
60682 42388 -75573 -48272 -75573 -48272 60865 -30241
2064 45472 -4925 77338 -13754 45932 -5615 53611
29863 -74647 51210 -66071 -47587 93883 22633 80108
-3656 10734 -21788 27740 -38222 46392 -12449 36793
37692 -21502 48939 140917 -1942 -13736 -1540 -116704
-80390 67106 -70251 -4218 -7139 21850 -68768 50346
-145191 195579 -10920 -9908 -127948 174663 30912 24578
142228 88039 -40322 26842 -90074 12772 92476 73969
95049 -91880 -67655 52083 23582 -83647 -78760 -16797
-4809 8600 6494 -59022 -21079 74344 -21079 74344
34667 -63934 6528 28665 136012 142226 75205 18530
77727 827 89520 19989 -70603 -79524 63732 -92837
31684 96932 -36037 -93751 31684 96932 -24010 -90285
-4240 14192 72812 49144 94554 99276 41755 28075
11541 -82099 -4617 79153 -74610 -34767 11541 -82099
-12947 -58662 -38368 -16976 -11982 35441 -14960 -26567
20765 -2380 90102 -65486 -73180 95139 -142517 158245
22875 33646 21041 36233 10693 28897 12527 26310
19076 -76344 146669 22309 -14158 10182 -141751 -88471
-40083 83956 -25293 43851 87047 -18061 78173 6002
32652 -68635 42229 -28470 -5030 -35772 -14607 -75937
-53608 98667 -56694 116647 47956 40791 58757 -22139
-59577 -99122 23600 72207 59560 90393 -59577 -99122
8293 4422 -33411 -13311 -56523 25670 -14819 43403
74588 -65716 113913 -72536 -90933 74654 -169583 88294
70786 64339 59523 14464 48951 50549 20911 75602
88485 -27044 75280 -61899 43089 -71210 53653 -43326
90323 3019 -48678 -54190 -53934 7858 -6578 88939
-5184 -89555 -5517 26255 -21167 26210 -20834 -89600
-27292 -33453 -58413 -44068 -63242 -11543 -32121 -928
-18842 -61939 -10103 44383 -39832 65716 -61165 35987
22109 216 -10622 21065 -29691 54864 50857 79340
-199321 -56058 -174946 71179 -47709 46804 -72084 -80433
-82674 143532 24178 145104 26929 -41887 -79923 -43459
113900 3643 83615 -27576 52396 2709 82681 33928
32329 -34974 -13358 -65127 56999 -171730 102686 -141577
31671 60473 43481 24568 42850 -16740 19230 55070
10787 -80138 142300 7213 -15321 16240 -146834 -71111
32171 -70811 37447 -93707 -69888 87487 -69888 87487
79328 -34142 83377 -37595 61041 45633 36747 66351
-27698 -57089 -30284 80967 6221 8180 75379 -88610
-50818 24172 -38960 81572 -26660 79031 -38518 21631
8630 -54469 -80699 -23085 30040 72106 8630 -54469
-33744 -38223 -13192 -63170 36702 -22066 16150 2881
42299 -48526 14605 39985 18958 41347 46652 -47164
39049 -86177 -84728 18686 -37605 70835 -61518 -9218
57808 -18195 94688 -12711 -39813 -8409 -49033 -9780
43923 33409 68031 16180 42855 553 32437 17337
-92063 81832 -6638 -6171 81365 79254 -4060 167257
8807 -42786 88444 -21822 6097 -22538 -73540 -43502
3416 -84928 56974 -32699 -7236 87095 3416 -84928
-16090 88273 28630 83401 109794 8891 98614 10109
62251 29000 -6729 -18776 -54505 50204 14475 97980
19145 -29319 13471 -3904 -70365 54577 78670 -13776
16174 -81559 85592 51033 -41309 -78285 44549 -46298
8957 -1423 -9806 86707 -74727 -45881 32980 -72827
-41376 30218 -28645 92775 -58953 17048 -36857 -70446
130674 -60066 9460 -74434 -96132 -13200 25082 1168
80253 9025 -69415 4787 53322 19027 -230 -21710
-117626 -145492 -194274 -84632 -72554 68664 4094 7804
100977 71144 42522 58974 30141 39176 53178 35362
23229 64069 -2510 90381 38548 -74990 -32434 -5804
23501 22654 -14078 -67228 44736 94685 23501 22654
-38964 45800 21613 -86040 -89807 17051 -43545 -15818
14239 20259 -1463 -52680 40114 -40550 95148 10078
-15283 6660 52440 -69601 -47495 -49226 -171104 59247
-73463 -19095 -49060 1442 -69597 25845 -94000 5308
-67810 -40602 -4400 -19345 -46914 107475 -110324 86218
-67093 -75482 -75791 -37685 -66964 -62438 43092 97135
-15184 -81574 -88644 -64454 -51535 43548 -44189 41836
23650 17296 83461 67313 5602 63186 -54209 13169
-22769 -70263 -38871 -35645 -13109 -7467 -23172 -38060
74883 -91009 -78858 64224 -13327 -70088 -48822 34857
-8271 -8542 84810 -52656 77138 -68844 -15943 -24730
3481 -17615 -47140 16723 -87751 62465 -37130 28127
-77049 -34790 -81804 -47973 56338 -86059 61093 -72876
3519 85017 87593 20310 152300 104384 68226 169091
58062 167369 152638 69715 54984 -24861 -39592 72793
-78398 -155098 -41827 4051 53142 136892 16571 -22257
31537 38598 31537 38598 26225 56529 80088 1867
42175 41217 22901 60784 -153202 -112682 -133928 -132249
17693 43175 -8434 95881 -64021 77551 -81400 -96256
-5900 6536 -19606 -179630 64648 -13056 78354 173110
8081 -7446 -34455 -96537 64345 51096 8081 -7446
-31197 91298 -42324 63815 -85589 -62905 17790 23558
-78080 -99694 72207 758 -76140 -28235 -78080 -99694
39548 1396 -1777 -15514 35637 46564 60432 56710
87138 11366 60765 -26729 98860 -53102 125233 -15007
2412 30216 18335 6560 -14707 35583 2412 30216
11740 -38682 -14259 -46239 26341 -59814 28005 -17037
2113 -35030 -71309 -42770 -42252 62017 39328 70617
-37106 -80443 -55586 -70542 -23347 97415 53843 67783
41755 -38304 64221 -11356 55719 92008 41755 -38304
-35027 -27658 -30470 -84374 -7801 -32186 -23678 -43535
9897 -31586 151140 -77565 3249 -63712 -154057 -14409
86749 -44583 97520 5624 43762 96488 -52211 97666
-82814 14177 -46789 -3558 -6714 -6073 -42739 11662
-16163 -9908 -28666 -24125 -10164 -103428 -1946 -22411
75780 25445 97166 1160 194306 86704 172920 110989
-28847 -54575 -41750 97891 29957 2961 42455 -5787
99575 21789 25771 43122 98473 -436 54470 -33267
-49157 -8275 -14134 -45085 -32062 -60212 3794 -29958
-547 8999 816 18183 26222 -40110 68178 -80359
-83182 21822 37469 -21726 66501 58708 -54150 102256
67957 -83874 -59974 -86107 -58982 854 -70746 52276
-92468 2640 -122623 36390 -99156 33705 -87094 20205
19391 -10061 -13938 54327 -45451 -10969 -15754 184011
32797 406 124692 -81146 11315 -33806 39162 -27441
-27164 -24702 -6110 -50630 -11554 -19372 -26364 8688
24505 44847 -14406 178053 -72677 52107 -33766 -81099
-224 -21125 12538 -70841 47910 -19719 35148 29997
-29479 106411 63509 96820 44327 -89156 -48661 -79565
14573 1536 -72584 103381 -23169 -21226 -38441 46768
32854 20656 32854 20656 -39504 40463 10522 -79707
-45205 -21026 1165 -135590 2425 -12004 -25901 7300
-6373 54822 65585 92877 -6373 54822 2222 -9118
-39318 5833 105103 -131090 12896 45271 -72368 103873
82499 -86941 51209 28166 -55616 -58115 -24326 -173222
30251 104585 24457 -4322 -16345 -105463 -10551 3444
43399 -51729 70565 -70847 89683 -43681 62517 -24563
68589 12418 -83051 -45038 -79568 -29835 60660 -6038
-18485 -22768 570 64923 -73705 14564 -74094 -45517
29365 18973 92586 -86443 198002 -23222 134781 82194
-24029 677 87891 30424 61209 10891 -50711 -18856
39004 -66064 73349 -67122 43685 -64431 9340 -63373
57113 29593 3021 64297 -45933 -16512 43390 25904
29514 -27745 -62667 -54588 29514 -27745 -50062 -95605
129964 64626 112017 -8677 38714 9270 56661 82573
-131744 4106 -99771 -18621 23124 47684 -8849 70411
-103510 10222 -31997 -7757 27100 -51858 -44413 -33879
-66059 835 6979 60441 101173 64303 28135 4697
54184 67761 98790 -1789 99166 -95354 -15232 79951
25833 -14645 -74364 93326 -91516 -69451 8681 -177422
-59412 -25290 -81208 -10014 -97586 -13019 -53994 -43571
-66298 42292 76084 -37293 -24015 -57809 -67858 37004
-95614 97171 32094 76353 46964 167573 -80744 188391
-7254 26784 -37944 20559 -40434 32835 -9744 39060
-43655 86180 -9361 49793 14921 6084 -19373 42471
-21732 -1964 -75529 -93138 4930 -24340 58727 66834
-5971 89813 -4547 92799 -14368 114339 -21488 99409
58882 -24800 17633 -46925 -69082 43367 -27833 65492
-16533 7978 19832 35598 96101 79851 67009 57755
-41768 168938 -64201 56203 -43527 -78426 -21094 34309
-79793 -6811 5430 21407 -91109 49659 47079 -64928
72633 74806 20164 -21492 20164 -21492 78959 91112
-25200 -92353 -94227 -55540 -3413 -83729 6448 -88988
22839 20344 43007 54830 77031 75768 56863 41282
-28021 6509 44503 51900 89894 -20624 17370 -66015
-59566 -32314 -70831 -47199 9476 97358 25247 118197
-35591 -75114 20969 -95911 -93353 28087 -65170 17882
8586 71538 -16758 21025 7700 61081 25070 17481
12348 16744 33669 60663 77588 39342 11071 125903
-76570 41261 -91882 33473 -91705 33125 -76393 40913
-39083 13734 -27650 -6423 15631 -33999 31857 -92348
74189 46246 2795 -71567 78328 -53711 -93127 84087
-4636 -87776 30467 22273 -64792 12613 -99895 -97436
-98503 18256 -87066 17447 -79785 120380 -91222 121189
-91108 -51523 -14965 -29998 85927 86933 -20727 19459
-2504 -6113 67150 60733 40194 39935 59622 -11876
-99797 57420 56521 78811 64662 91766 -39736 -86496
31609 -1450 16674 -49105 28508 -4665 -15476 -18095
