-103 -159 41 7 41 7 -26 98
-48 34 143 -103 170 -13 -21 124
184 73 -43 104 -73 7 -163 -89
59 0 60 385 -89 30 -90 -355
11 -200 -101 -14 -79 202 33 16
21 -27 49 154 1 136 -27 -45
-160 -157 -136 102 123 78 99 -181
-100 95 18 65 -48 67 -10 13
-62 -44 106 -67 110 145 -4 -45
-84 -116 -73 -183 165 71 -133 -94
-59 -70 71 -186 187 -56 57 60
-389 10 -198 262 54 71 -137 -181
-27 53 -319 303 -89 -5 -116 86
-44 -176 175 -196 157 -48 157 -48
-121 -46 -177 -156 98 -296 154 -186
-63 174 94 -181 -79 -81 94 -181
-72 166 -76 -71 83 -179 73 -133
87 104 99 5 -172 -193 -184 -94
71 161 83 177 85 188 49 140
30 165 9 200 -106 -130 -100 -140
180 -8 56 82 -254 307 -94 178
-158 -17 -161 -171 -7 -174 -4 -20
-88 64 -68 143 -177 89 -197 10
192 -63 9 0 89 -66 144 -43
-46 -15 65 -199 5 -48 -90 151
151 -66 112 61 1 -12 40 -139
67 -111 -33 -111 63 -83 163 -83
0 -102 60 -153 58 -55 -62 47
-51 82 -32 69 8 -4 -125 87
-33 -24 -94 12 19 -32 -102 -40
-171 175 117 70 92 37 119 -65
4 -29 -83 194 182 153 -83 194
-53 -131 -114 -153 125 -58 -93 8
5 -163 166 -29 -43 -15 -204 -149
-12 -143 199 179 20 -80 20 -80
94 -228 -241 -88 -157 113 178 -27
51 398 264 259 125 46 -88 185
263 -6 190 12 -152 -66 -79 -84
8 -98 278 164 -72 26 123 64
13 -23 -16 -34 1 -25 -18 -22
223 177 184 162 -244 22 -140 62
50 66 120 -21 82 84 12 171
-86 129 16 -58 72 94 -30 281
7 -97 23 -43 17 13 78 -48
-37 -17 -37 -17 184 -159 -73 17
13 140 -19 49 -111 20 -79 111
-22 33 -74 -26 -90 51 -65 8
19 84 85 -21 190 45 124 150
-193 120 128 42 -193 120 -183 69
-19 26 -164 -136 -19 26 -120 175
-166 42 -64 150 -28 116 -130 8
-119 158 -64 158 -68 56 -178 56
-125 41 109 11 -47 31 -199 72
33 -76 -93 -32 154 99 280 55
51 -290 12 53 139 374 178 31
199 15 39 -120 -165 -73 -5 62
65 -67 87 -175 158 174 72 -180
165 51 -106 181 -108 3 163 -127
12 -90 2 -2 57 -115 -68 -128
169 154 -142 -96 28 167 -144 -14
141 -189 331 -179 28 -182 -124 -190
-52 139 158 -189 179 70 -103 -32
142 143 -114 -56 85 -312 341 -113
153 58 -87 -32 -333 40 -93 130
-86 104 -61 176 -115 -41 -95 106
182 146 42 121 52 65 192 90
-19 88 -287 142 -105 -62 163 -116
124 -60 155 -119 -24 42 -55 101
-51 -148 106 150 70 39 -51 -148
-48 56 -316 -86 -14 -58 254 84
139 -225 -91 -228 -94 2 136 5
-62 -41 4 -2 -97 13 -163 -26
-100 -20 -113 13 -90 40 -71 6
59 -25 81 58 74 15 97 52
-198 -121 94 -184 -183 144 -53 -34
-21 -127 170 32 190 23 -1 -136
-50 -50 25 -56 17 -156 -58 -150
-169 -189 -193 -285 187 32 219 160
-53 -28 -88 -178 62 -213 97 -63
131 100 60 -137 125 -125 196 112
-119 -103 165 128 -15 183 -299 -48
-96 127 -156 110 -172 -129 102 -56
144 182 228 294 -151 159 -247 31
30 147 71 154 -22 -104 -63 -111
194 -124 90 168 155 -24 155 -24
17 -79 136 -23 15 -77 -87 -125
-162 5 -166 46 -162 5 -32 170
-153 -130 84 158 151 138 -86 -150
-154 143 -117 -171 116 63 122 -6
5 -107 -131 -114 -40 92 96 99
46 -19 52 -121 -173 -5 -179 97
23 20 -26 97 7 118 56 41
179 156 -168 -77 -178 -188 169 45
91 171 -52 51 -99 199 44 319
83 -122 110 -71 81 1 9 -135
82 -162 29 -116 108 -83 149 -31
128 54 134 42 -89 -116 -92 -110
90 87 -82 106 -108 72 64 53
-59 64 -2 -13 -156 -177 -213 -100
-214 -68 -156 -43 -131 -101 -189 -126
123 5 -48 -28 -186 -44 -15 -11
-230 -73 -85 -63 183 183 38 173
-125 28 65 121 132 -163 -50 -70
-7 18 205 -36 121 166 -91 220
145 136 10 -93 -168 -31 -33 198
-261 -145 -154 84 69 203 -38 -26
51 49 -32 -10 39 -83 56 -18
-109 30 -345 -152 -47 -148 189 34
-63 -9 47 148 177 76 67 -81
-101 31 -75 188 -5 -18 -31 -175
-170 -26 77 8 57 -138 154 -176
-111 -68 200 44 88 355 -223 243
-143 -42 -178 -112 67 -120 123 -8
52 60 -103 -23 94 110 -3 -107
83 162 12 -113 -259 -198 -188 77
163 151 -91 185 42 -186 38 31
-190 -59 -124 29 -90 -104 -23 -195
144 95 51 -6 259 150 7 86
-13 27 -9 181 -85 47 -89 -107
-48 89 -9 30 -68 69 -107 128
194 -127 160 -60 93 -94 127 -161
-93 42 79 -19 -27 -162 126 -100
-154 193 42 -36 42 -36 -103 -163
-22 166 106 83 3 -156 -125 -73
79 -22 103 182 79 -22 43 152
-130 91 11 -67 169 74 28 232
130 96 -12 52 70 -72 212 -28
52 33 87 -2 94 5 59 40
-137 -11 -80 -151 -137 -11 -24 -103
-6 -70 160 -184 -23 -153 132 -191
-155 137 -56 78 -25 -33 -124 26
-8 190 204 51 65 -161 -147 -22
-112 66 -13 -61 -16 100 106 -397
-246 -177 -187 -44 -50 88 -109 -45
-231 3 -133 -175 -151 93 -182 -86
167 17 138 -62 -99 25 -70 104
-12 167 42 45 12 -85 -42 37
43 -87 31 -197 143 186 77 148
74 132 -5 58 160 181 -55 193
29 125 -234 244 -37 33 226 -86
-50 49 -125 24 -122 103 -47 128
-149 -130 -45 97 149 107 68 17
-38 -30 197 -105 54 96 -181 171
-72 -119 -272 -8 -161 192 39 81
200 -72 -173 -49 -86 102 47 92
-75 94 14 -75 13 -266 -76 -97
134 125 251 89 -180 112 -245 132
-14 63 126 150 -137 11 -68 -134
218 -122 28 -151 -1 39 189 68
153 78 -33 83 -173 -188 -176 -68
-5 -195 -167 -32 34 -199 196 -362
21 -129 -64 -112 -9 -45 76 -62
5 211 -55 61 -60 -237 -12 -117
137 -258 -107 21 -191 382 53 103
-63 -98 -41 155 197 132 -63 -98
-126 6 151 -119 -61 -58 139 27
0 -187 -189 65 156 -116 135 -126
16 -27 -69 -22 -46 190 90 182
222 -279 121 -180 -103 32 -2 -67
170 -18 -13 -68 -135 -178 48 -128
132 64 56 129 -44 130 32 65
-154 -186 53 27 -143 -147 -49 124
318 -5 203 -130 78 -15 193 110
-39 97 164 99 166 -104 -37 -106
-84 -66 -81 163 -178 119 6 -50
186 16 -56 -82 42 -324 284 -226
-194 -42 -158 -137 28 -155 -68 -153
-297 136 -250 203 152 -79 105 -146
-316 79 -69 100 174 51 -73 30
22 90 -12 -98 138 302 -118 -40
-199 60 163 -56 -166 46 -191 27
-112 67 -156 -25 -200 82 -181 188
-56 -44 44 -24 -161 -166 -241 -182
62 26 202 -30 176 -44 16 20
35 136 -153 -86 180 -368 368 -146
-52 87 -32 4 -40 -81 -60 2
-116 70 174 182 49 18 11 109
-132 97 100 -3 175 171 -57 271
198 19 137 101 116 8 136 68
-261 25 -247 213 -59 199 -73 11
-71 79 -20 -119 178 -68 127 130
-137 25 -101 59 188 -119 152 -153
-278 11 -148 271 112 141 -18 -119
32 40 22 35 -121 27 -51 62
96 -79 5 -118 75 -29 118 -148
125 94 -189 -119 44 -47 358 166
-33 -23 289 -151 41 91 118 -40
-19 -133 -120 -39 140 74 -120 -39
40 -26 -36 -86 -192 -101 -154 -71
-34 129 73 -179 34 163 34 163
96 128 141 -52 -7 -45 -57 155
1 176 -110 -32 118 -2 47 32
213 -272 153 -335 -36 -155 24 -92
120 168 -29 167 -28 18 121 19
-94 -42 63 -48 -190 -200 -347 -194
-185 159 172 10 -31 -172 114 134
48 97 133 -103 132 -20 -166 41
236 -339 152 -179 -4 15 80 -145
165 138 56 187 186 -49 165 138
-275 143 -56 120 170 81 -49 104
