1000
1 0
2 0
3 1
4 3
5 4
6 0
7 1
8 3
9 2
10 5
11 10
12 10
13 1
14 3
15 2
16 4
17 4
18 12
19 10
20 7
21 11
22 11
23 22
24 2
25 5
26 8
27 9
28 26
29 9
30 15
31 13
32 23
33 31
34 25
35 7
36 34
37 31
38 14
39 20
40 5
41 35
42 27
43 9
44 29
45 7
46 18
47 33
48 27
49 38
50 43
51 35
52 34
53 18
54 49
55 21
56 11
57 24
58 6
59 54
60 41
61 21
62 44
63 55
64 48
65 33
66 62
67 32
68 22
69 48
70 55
71 37
72 40
73 19
74 45
75 29
76 12
77 37
78 50
79 75
80 60
81 31
82 63
83 55
84 50
85 63
86 85
87 30
88 30
89 41
90 16
91 37
92 66
93 84
94 89
95 50
96 15
97 76
98 94
99 25
100 20
101 36
102 95
103 53
104 62
105 52
106 96
107 68
108 67
109 14
110 39
111 27
112 59
113 112
114 59
115 39
116 92
117 80
118 84
119 72
120 42
121 64
122 119
123 24
124 36
125 87
126 110
127 110
128 30
129 94
130 68
131 114
132 6
133 20
134 66
135 59
136 28
137 85
138 6
139 26
140 103
141 90
142 18
143 23
144 89
145 101
146 90
147 112
148 34
149 8
150 81
151 140
152 98
153 134
154 143
155 46
156 35
157 82
158 15
159 74
160 145
161 133
162 155
163 141
164 47
165 24
166 42
167 28
168 43
169 137
170 117
171 130
172 107
173 47
174 151
175 160
176 36
177 99
178 101
179 160
180 39
181 137
182 102
183 150
184 147
185 38
186 154
187 178
188 21
189 170
190 42
191 53
192 115
193 78
194 95
195 81
196 174
197 181
198 84
199 122
200 13
201 110
202 38
203 160
204 68
205 126
206 115
207 94
208 120
209 176
210 116
211 169
212 132
213 65
214 197
215 142
216 115
217 89
218 121
219 60
220 137
221 194
222 187
223 114
224 177
225 205
226 181
227 152
228 209
229 48
230 62
231 75
232 63
233 207
234 79
235 111
236 83
237 8
238 19
239 91
240 139
241 113
242 195
243 180
244 108
245 139
246 150
247 206
248 96
249 164
250 216
251 154
252 76
253 74
254 72
255 80
256 19
257 211
258 135
259 224
260 257
261 235
262 181
263 98
264 232
265 77
266 105
267 98
268 104
269 132
270 226
271 136
272 122
273 268
274 106
275 171
276 221
277 153
278 16
279 172
280 77
281 74
282 222
283 75
284 90
285 85
286 223
287 245
288 116
289 117
290 254
291 252
292 73
293 58
294 278
295 243
296 234
297 206
298 215
299 168
300 146
301 216
302 128
303 148
304 266
305 121
306 141
307 233
308 213
309 140
310 233
311 163
312 186
313 217
314 60
315 13
316 265
317 227
318 79
319 120
320 227
321 28
322 109
323 95
324 281
325 304
326 138
327 141
328 131
329 309
330 213
331 77
332 53
333 185
334 66
335 44
336 232
337 119
338 244
339 97
340 151
341 290
342 304
343 328
344 222
345 337
346 196
347 298
348 44
349 210
350 241
351 219
352 233
353 314
354 14
355 130
356 278
357 117
358 338
359 219
360 327
361 270
362 311
363 132
364 216
365 265
366 344
367 264
368 361
369 49
370 270
371 130
372 188
373 331
374 253
375 316
376 172
377 289
378 140
379 209
380 288
381 23
382 313
383 322
384 375
385 348
386 280
387 151
388 324
389 259
390 334
391 253
392 162
393 265
394 172
395 174
396 315
397 171
398 283
399 157
400 363
401 135
402 162
403 107
404 303
405 384
406 67
407 281
408 375
409 214
410 277
411 397
412 319
413 399
414 246
415 163
416 327
417 211
418 268
419 380
420 273
421 56
422 388
423 320
424 283
425 153
426 326
427 376
428 207
429 81
430 254
431 358
432 135
433 46
434 237
435 411
436 307
437 108
438 307
439 173
440 357
441 156
442 344
443 281
444 133
445 279
446 414
447 253
448 108
449 252
450 69
451 156
452 285
453 315
454 125
455 288
456 177
457 343
458 203
459 210
460 217
461 292
462 178
463 427
464 163
465 76
466 267
467 309
468 407
469 197
470 143
471 219
472 320
473 401
474 164
475 450
476 65
477 316
478 398
479 389
480 161
481 396
482 364
483 25
484 32
485 176
486 169
487 435
488 136
489 454
490 97
491 412
492 427
493 206
494 207
495 409
496 112
497 447
498 178
499 481
500 264
501 167
502 102
503 26
504 218
505 340
506 118
507 492
508 87
509 100
510 249
511 461
512 29
513 469
514 175
515 386
516 183
517 304
518 427
519 469
520 12
521 199
522 61
523 78
524 100
525 128
526 400
527 119
528 411
529 167
530 262
531 326
532 365
533 182
534 479
535 230
536 372
537 416
538 359
539 295
540 145
541 311
542 46
543 292
544 495
545 126
546 313
547 457
548 300
549 215
550 312
551 161
552 374
553 523
554 389
555 511
556 316
557 211
558 363
559 494
560 553
561 255
562 273
563 553
564 334
565 559
566 215
567 455
568 440
569 153
570 43
571 503
572 344
573 170
574 550
575 510
576 434
577 329
578 212
579 534
580 33
581 142
582 431
583 398
584 459
585 285
586 173
587 537
588 568
589 315
590 470
591 456
592 223
593 73
594 389
595 564
596 421
597 453
598 303
599 97
600 535
601 443
602 411
603 594
604 503
605 569
606 177
607 295
608 328
609 260
610 439
611 314
612 564
613 530
614 590
615 329
616 416
617 322
618 198
619 301
620 475
621 510
622 545
623 508
624 148
625 134
626 199
627 473
628 418
629 475
630 187
631 372
632 188
633 511
634 529
635 473
636 240
637 365
638 152
639 330
640 339
641 570
642 229
643 326
644 133
645 51
646 588
647 235
648 262
649 91
650 264
651 431
652 606
653 72
654 173
655 224
656 503
657 272
658 448
659 150
660 597
661 250
662 101
663 232
664 406
665 246
666 370
667 399
668 183
669 572
670 484
671 502
672 391
673 310
674 351
675 161
676 195
677 271
678 618
679 312
680 240
681 657
682 541
683 416
684 658
685 539
686 365
687 71
688 165
689 271
690 128
691 366
692 348
693 577
694 303
695 154
696 158
697 465
698 542
699 375
700 632
701 252
702 317
703 418
704 675
705 197
706 482
707 386
708 397
709 332
710 509
711 667
712 238
713 388
714 626
715 457
716 328
717 510
718 575
719 363
720 617
721 64
722 406
723 476
724 551
725 675
726 159
727 229
728 666
729 675
730 192
731 331
732 642
733 186
734 49
735 655
736 460
737 649
738 638
739 408
740 706
741 501
742 179
743 574
744 385
745 266
746 280
747 195
748 463
749 61
750 719
751 118
752 560
753 541
754 40
755 388
756 397
757 633
758 525
759 67
760 262
761 655
762 613
763 91
764 45
765 672
766 711
767 600
768 51
769 393
770 369
771 504
772 275
773 291
774 346
775 417
776 496
777 776
778 701
779 298
780 301
781 703
782 352
783 445
784 761
785 69
786 65
787 577
788 327
789 715
790 247
791 330
792 234
793 152
794 608
795 321
796 591
797 203
798 362
799 694
800 728
801 511
802 159
803 742
804 138
805 435
806 183
807 293
808 236
809 711
810 772
811 707
812 623
813 763
814 190
815 619
816 175
817 498
818 271
819 489
820 488
821 282
822 408
823 532
824 705
825 486
826 387
827 640
828 504
829 717
830 735
831 557
832 784
833 664
834 695
835 229
836 373
837 742
838 286
839 453
840 792
841 606
842 645
843 282
844 294
845 644
846 247
847 835
848 581
849 131
850 771
851 670
852 383
853 517
854 547
855 366
856 214
857 532
858 440
859 259
860 714
861 593
862 406
863 71
864 120
865 423
866 286
867 390
868 544
869 714
870 138
871 88
872 424
873 687
874 678
875 182
876 491
877 308
878 677
879 258
880 757
881 433
882 493
883 575
884 524
885 867
886 740
887 341
888 880
889 580
890 837
891 697
892 771
893 460
894 806
895 830
896 182
897 649
898 240
899 768
900 513
901 245
902 243
903 891
904 381
905 470
906 209
907 729
908 781
909 641
910 244
911 349
912 175
913 738
914 238
915 498
916 499
917 170
918 597
919 520
920 309
921 794
922 691
923 673
924 650
925 398
926 353
927 691
928 419
929 901
930 787
931 127
932 526
933 308
934 821
935 534
936 471
937 213
938 460
939 583
940 818
941 922
942 892
943 563
944 202
945 723
946 286
947 551
948 201
949 930
950 358
951 572
952 164
953 676
954 934
955 562
956 244
957 334
958 236
959 910
960 435
961 952
962 875
963 352
964 766
965 189
966 846
967 519
968 96
969 953
970 807
971 728
972 16
973 742
974 169
975 763
976 542
977 771
978 237
979 642
980 874
981 665
982 710
983 639
984 695
985 391
986 548
987 424
988 903
989 824
990 808
991 941
992 968
993 991
994 960
995 921
996 483
997 99
998 747
999 937
