1000
914 471
660 281
995 513
634 614
527 749
855 686
556 388
729 252
43 686
771 521
877 723
223 859
692 263
759 507
872 519
987 620
982 197
67 423
137 435
779 251
432 122
440 49
661 818
772 599
425 657
48 630
412 588
442 852
710 162
999 853
551 846
462 121
938 719
464 360
972 28
895 786
197 163
865 809
248 220
719 843
8 54
873 3
23 936
413 697
204 885
19 484
987 929
433 177
396 509
318 962
861 984
90 69
576 8
281 764
412 820
416 247
209 872
438 360
882 994
700 595
443 512
933 214
193 546
640 782
980 107
624 633
199 620
413 125
280 19
739 657
273 1
298 627
171 257
25 236
588 281
806 985
480 766
509 823
774 667
995 261
972 860
437 63
3 449
486 832
932 646
943 71
136 877
221 896
835 437
745 162
249 282
518 43
475 796
148 577
802 315
637 635
954 474
382 643
909 385
936 750
82 719
30 693
812 124
418 93
586 238
76 825
271 407
407 718
105 642
342 63
944 3
293 496
390 483
448 457
60 400
568 358
287 833
265 581
469 569
500 46
159 569
374 193
636 159
705 422
589 368
288 272
34 957
667 29
564 384
821 153
930 679
185 923
528 599
51 970
723 403
307 604
172 224
298 665
319 262
380 415
551 571
92 86
689 169
786 27
431 105
201 502
360 85
635 742
10 713
691 537
811 328
216 280
393 958
429 668
933 356
914 871
747 896
307 436
23 906
508 812
292 507
1 589
943 211
858 148
78 658
707 517
543 794
533 520
569 123
865 86
438 980
702 963
7 593
728 479
261 447
393 809
276 846
483 478
501 948
399 143
81 528
828 815
732 946
811 192
759 910
443 170
408 825
823 396
399 158
503 766
47 239
902 163
20 910
462 219
46 698
376 346
418 641
652 811
946 616
492 111
297 828
277 106
760 848
276 710
23 483
190 845
825 340
178 276
6 209
564 359
554 395
495 871
568 232
585 468
835 68
27 548
713 264
128 864
132 672
830 64
365 112
7 332
429 950
136 714
463 947
467 546
182 957
855 518
754 681
242 420
411 730
221 580
763 57
198 552
603 590
767 592
417 381
717 43
176 135
805 921
285 971
85 273
942 789
583 468
853 429
59 394
619 736
368 464
902 385
850 928
652 186
888 733
226 968
271 860
939 437
296 41
337 420
853 839
776 100
554 826
508 904
347 63
845 128
888 127
564 935
578 923
512 418
336 698
965 470
862 919
172 513
157 595
988 217
379 719
411 562
882 787
14 949
694 129
410 259
102 540
53 867
813 252
915 840
530 685
75 344
59 233
836 701
907 771
766 91
249 294
61 433
135 168
53 777
192 553
346 713
660 820
571 178
140 891
315 254
518 937
100 923
398 336
659 838
354 698
569 674
422 459
388 989
420 816
904 509
612 568
805 902
725 388
499 49
186 410
297 744
619 539
252 584
749 78
850 509
673 352
833 938
805 103
375 963
666 282
655 338
323 296
424 283
739 638
515 497
418 443
450 147
701 480
379 298
481 842
541 222
635 259
305 630
6 684
485 186
995 913
917 989
199 181
87 374
953 113
696 790
129 849
738 659
76 972
922 645
266 241
334 833
221 797
878 4
362 227
847 651
740 323
608 808
697 619
765 743
846 690
5 519
594 749
756 372
296 355
71 367
104 829
426 27
427 541
25 313
646 950
599 81
456 438
170 691
414 195
702 498
764 525
891 330
477 176
208 877
26 343
912 545
498 844
840 426
14 727
107 438
866 99
942 878
348 861
168 817
115 536
506 994
38 542
157 412
255 460
487 296
926 904
801 532
818 630
583 579
361 740
728 766
625 439
189 214
653 634
669 73
323 857
912 794
22 174
58 535
317 444
37 732
869 95
57 95
799 138
80 830
223 116
253 852
830 427
731 465
236 262
181 896
403 415
760 154
292 626
12 360
75 803
3 999
13 2
170 55
729 426
617 648
966 493
391 621
867 736
163 75
273 438
734 750
770 756
415 900
52 891
433 486
408 406
581 740
6 997
813 426
804 49
426 895
930 847
653 221
166 245
584 707
365 760
887 375
979 391
7 141
459 541
237 782
960 311
486 390
21 294
332 243
339 371
657 951
58 966
132 804
96 875
878 894
961 825
148 860
401 793
414 876
366 47
243 472
986 602
244 139
714 711
189 232
384 606
658 737
507 89
173 592
165 127
722 153
130 401
627 719
638 489
99 79
404 471
520 311
311 351
655 120
160 224
781 694
989 780
670 311
68 567
411 663
130 793
380 900
661 212
781 187
16 748
52 916
84 45
457 206
628 634
531 343
29 568
645 44
400 611
672 990
965 658
56 796
901 537
577 340
468 363
424 10
202 796
363 381
49 142
834 444
427 459
377 407
900 632
306 229
688 785
323 428
888 468
968 642
146 499
290 880
831 666
81 150
648 129
884 818
649 659
754 476
421 218
885 951
271 377
219 633
777 988
574 587
305 884
291 647
550 31
544 462
440 389
743 480
333 688
791 333
500 924
934 244
366 99
395 337
226 105
260 133
256 465
390 792
139 77
828 446
952 534
966 914
952 218
921 163
172 261
402 52
986 600
528 727
639 652
32 561
893 869
703 437
143 299
448 206
97 93
250 705
457 67
624 592
479 681
937 686
159 664
911 820
287 82
737 790
452 862
9 101
779 859
284 644
34 266
221 181
816 242
654 385
589 980
185 226
100 8
837 687
985 572
367 462
448 645
746 896
259 652
857 582
163 235
687 122
674 562
438 1
835 784
321 582
407 540
847 802
787 501
343 749
944 646
714 723
369 163
594 644
790 623
239 866
157 526
769 304
375 231
726 864
579 983
914 58
236 985
763 234
755 385
189 612
534 196
665 278
603 202
665 627
431 54
292 910
887 819
462 767
404 966
395 420
57 699
25 472
120 434
193 282
645 247
782 940
623 644
656 542
823 378
397 672
424 46
39 265
976 760
220 91
770 460
161 89
800 990
791 762
979 66
60 862
144 264
536 552
871 662
322 79
730 469
450 201
836 743
41 740
822 919
18 186
304 849
586 79
996 980
777 119
325 379
881 409
990 600
957 394
468 962
365 122
818 556
496 880
623 527
516 528
138 706
1 267
472 262
4 95
79 557
895 707
822 345
846 815
631 32
497 682
630 989
360 996
896 929
44 416
762 333
760 837
69 891
754 248
380 609
292 731
667 612
927 516
785 524
352 221
422 692
464 12
597 784
516 949
959 844
679 307
301 819
141 236
811 553
197 344
651 315
433 906
334 938
24 747
343 737
915 813
19 595
884 556
130 712
224 621
245 746
89 626
559 663
149 382
411 636
181 634
886 143
893 95
210 886
87 274
858 972
727 927
495 966
954 52
788 3
575 309
355 857
406 540
86 90
970 404
289 609
495 51
435 831
568 214
965 594
828 178
196 648
746 199
724 494
128 859
194 650
579 363
386 934
997 519
847 364
255 770
63 835
629 317
701 479
614 896
376 698
676 147
682 241
98 81
48 818
61 478
761 561
647 206
65 113
108 242
997 489
889 830
80 459
497 992
129 492
721 372
249 392
98 772
666 62
585 117
880 601
116 251
251 190
98 516
860 408
869 975
426 88
625 384
507 20
174 499
596 263
695 716
611 669
696 156
286 731
97 451
565 641
515 241
178 573
872 885
276 815
647 423
894 869
275 955
934 768
709 299
605 233
278 798
800 671
667 933
919 669
335 339
363 585
51 314
510 772
798 114
609 139
86 474
27 707
662 471
26 203
495 314
21 193
165 583
562 569
935 439
533 960
538 236
57 975
745 171
650 817
611 919
927 200
676 882
746 542
913 224
56 603
339 59
357 48
733 962
834 645
790 897
895 840
443 451
81 195
247 875
87 666
230 907
370 365
597 437
677 973
63 68
274 193
879 805
114 334
86 69
789 95
96 834
831 282
312 798
139 136
731 256
89 292
730 674
512 491
28 102
655 188
565 329
20 708
439 838
218 152
637 712
813 786
538 985
671 990
81 279
512 93
111 129
982 529
565 37
535 966
487 582
1 456
448 291
872 425
331 178
458 681
711 632
747 620
825 775
732 463
161 678
729 27
907 302
835 347
571 455
665 312
292 465
723 213
968 8
633 71
674 411
402 809
537 947
540 340
888 585
203 470
602 671
684 872
155 400
565 341
277 454
968 482
293 532
614 653
157 911
439 153
262 141
754 473
0 847
257 331
493 51
823 442
201 676
948 882
372 543
455 724
566 543
819 717
360 273
712 192
180 367
488 463
997 209
743 473
634 747
547 554
29 232
249 666
891 809
755 879
946 511
393 52
468 117
232 356
138 814
2 188
810 967
736 777
858 860
355 321
435 62
502 948
837 432
183 355
11 62
968 776
715 944
728 480
575 450
76 102
202 475
975 699
694 187
935 383
749 284
64 459
486 478
812 928
632 386
443 341
134 741
393 916
365 622
78 26
869 234
386 415
447 513
446 551
114 833
953 579
907 679
604 973
43 844
21 137
195 599
136 77
102 858
340 148
57 475
678 184
728 473
820 484
9 477
244 632
54 576
722 838
514 736
666 392
221 245
122 94
669 862
653 896
316 627
348 921
834 423
527 696
708 256
72 398
662 970
129 769
177 792
667 568
489 350
232 933
738 205
897 531
663 730
986 389
261 513
412 484
906 390
442 124
606 359
121 211
259 811
688 925
852 124
216 281
219 173
974 447
544 211
972 340
897 696
815 724
789 763
637 652
837 94
347 939
193 137
840 517
717 844
653 24
618 59
741 610
969 82
65 888
772 949
766 473
147 309
226 431
647 753
256 507
710 744
718 271
719 114
580 352
562 636
177 941
53 217
995 160
255 794
612 29
422 596
514 217
662 404
625 722
539 697
677 521
262 985
96 851
207 756
270 701
297 710
322 366
490 745
601 574
519 657
434 655
287 379
585 127
909 984
263 64
482 642
514 40
342 567
94 706
861 902
355 265
781 421
787 994
255 134
701 248
796 869
161 910
258 583
212 818
825 718
356 568
404 51
424 398
28 961
850 852
927 279
615 395
547 693
877 934
801 998
793 192
258 165
107 85
246 550
457 647
443 491
506 502
69 52
238 99
733 117
447 621
180 943
934 632
878 405
436 903
588 911
962 888
551 310
228 796
781 324
631 398
341 616
85 980
416 645
159 123
823 124
444 416
971 788
748 504
668 277
662 914
192 401
555 630
219 211
995 391
53 697
346 264
576 578
868 615
544 807
199 38
458 480
102 148
657 684
988 619
382 859
726 320
317 416
628 929
945 284
140 69
410 328
314 662
17 337
899 398
858 340
219 180
517 813
886 387
55 901
173 121
575 981
884 917
119 40
770 721
556 630
120 785
131 466
951 5
38 620
633 367
546 392
323 824
221 747
584 88
880 748
4 699
358 774
903 225
555 780
572 319
270 476
265 740
661 555
77 723
493 535
537 93
564 606
591 952
740 582
831 294
431 185
347 567
992 233
823 508
998 504
18 410
584 15
570 16
641 946
24 199
593 332
835 703
219 367
33 783
823 850
532 748
119 413
295 905
151 912
647 444
483 906
714 419
65 583
886 288
617 952
765 91
783 770
142 22
342 68
793 742
966 314
64 222
112 976
332 472
168 669
712 18
255 151
71 807
303 618
581 41
659 821
462 807
853 3
470 737
782 886
396 508
523 498
876 279
17 108
882 501
446 883
319 243
327 941
644 203
816 615
618 241
410 742
776 431
179 648
126 371
283 924
236 332
792 832
931 189
686 523
364 973
900 723
439 384
827 750
710 815
987 653
509 442
271 76
498 518
220 766
640 399
610 33
292 708
476 479
30 395
668 873
535 404
375 720
365 976
729 786
391 913
833 665
928 396
654 755
359 439
167 780
269 791
807 993
413 217
149 175
63 597
39 824
352 24
277 449
974 913
881 593
328 192
507 910
589 12
233 461
324 304
574 801
471 493
863 935
523 855
859 845
652 130
63 751
364 679
470 790
342 784
278 82
42 999
772 81
665 334
276 162
631 500
225 0
287 298
953 733
602 389
150 727
829 153
967 671
306 554
835 751
507 708
238 322
299 387
297 257
366 586
933 774
860 377
824 183
918 738
908 907
56 202
5 209
465 184
238 866
661 917
731 759
807 633
119 736
996 589
267 368
273 980
658 790
478 832
506 981
565 691
267 273
379 969
845 466
185 642
76 407
284 737
69 474
750 390
277 675
131 190
323 581
554 118
226 8
374 467
712 811
760 138
731 678
362 907
260 320
176 441
794 207
424 354
855 43
734 478
156 470
688 13
169 372
60 919
312 969
282 467
390 941
873 454
805 529
832 936
180 993
10 561
530 709
711 419
603 405
963 717
12 1
127 318
734 177
82 833
488 93
576 185
321 361
733 585
137 374
199 747
973 802
758 371
623 696
524 808
619 119
148 408
770 151
173 624
43 430
113 417
724 297
784 347
752 303
223 726
922 67
962 585
655 688
574 496
687 760
886 530
269 434
182 303
904 378
367 211
832 906
218 179
817 477
232 214
582 265
111 218
531 965
514 867
378 508
215 959
759 708
548 517
364 436
593 409
313 538
48 167
77 934
401 639
425 350
604 677
372 460
934 714
719 798
806 472
881 236
831 21
486 827
143 198
98 876
409 236
765 458
638 885
785 269
842 389
217 867
878 95
7 262
448 851
126 682
224 995
730 559
433 827
794 460
859 308
408 28
507 161
107 273
391 261
739 684
307 907
158 940
489 872
429 3
152 704
92 954
155 669
54 968
336 283
967 397
820 588
387 680
157 280
915 548
22 842
205 659
167 661
567 939
557 99
89 910
368 12
712 793
770 545
23 832
474 92
335 758
162 455
895 27
937 498
916 330
368 996
427 80
496 351
377 340
325 798
351 613
25 319
988 697
378 396
704 349
634 352
889 80
336 631
473 701
28 377
530 109
40 736
644 790
409 262
443 93
346 354
933 568
550 295
490 551
636 663
220 458
920 196
5 638
532 275
131 128
565 537
452 9
708 626
249 831
676 575
658 531
368 107
848 622
951 425
423 851
682 34
792 906
823 812
743 220
173 633
785 434
788 873
795 338
726 116
686 215
503 836
408 540
206 922
317 922
95 796
997 204
96 753
130 485
369 716
422 64
871 58
881 985
853 971
846 171
189 667
497 957
997 872
142 967
184 626
300 48
558 806
897 594
910 626
21 374
414 279
729 707
10 283
790 26
836 754
420 118
96 629
804 146
533 601
129 617
809 69
318 733
488 170
283 376
542 797
638 872
179 84
584 27
355 740
195 150
776 226
887 523
75 385
107 996
814 94
575 506
820 281
91 701
17 991
302 362
712 410
496 520
681 220
24 929
841 823
182 605
836 91
243 593
530 237
258 417
317 645
694 179
985 593
981 309
110 272
681 476
242 868
619 867
588 700
789 894
275 977
203 749
513 974
166 542
502 501
285 668
786 252
889 427
569 636
739 350
301 43
756 169
265 41
61 390
957 854
56 942
503 743
723 632
816 395
445 615
993 71
99 47
161 286
250 596
100 185
248 766
169 70
112 138
251 133
765 220
322 866
526 911
642 226
896 542
785 791
710 724
38 181
784 567
951 204
450 295
981 994
229 108
870 447
966 662
570 504
933 612
862 135
866 47
259 793
535 970
726 466
7 319
867 697
742 130
558 985
112 848
821 359
865 92
208 244
351 880
380 723
96 444
689 543
124 508
411 569
118 306
248 728
936 827
38 245
765 701
108 30
229 826
978 918
433 941
178 257
817 101
751 567
