100
73 13
82 88
80 81
5 47
5 30
13 32
18 13
89 6
6 36
23 46
31 89
0 65
42 75
89 57
42 97
35 32
13 79
33 66
6 99
1 28
71 67
57 4
52 71
81 66
48 47
0 76
8 40
22 75
26 69
69 3
38 19
97 15
0 31
87 81
77 90
49 87
30 47
91 85
94 43
90 49
21 80
29 26
66 91
57 31
16 78
16 20
47 50
20 30
31 76
95 82
5 48
29 3
43 86
86 85
74 5
98 72
9 97
12 58
43 90
47 46
55 99
17 2
24 35
6 10
14 86
46 78
83 35
42 15
14 80
73 35
76 10
31 55
66 39
39 61
71 44
8 12
81 61
60 41
67 44
12 45
23 64
24 83
24 18
83 73
1 65
97 22
13 35
32 73
8 58
45 40
84 11
38 70
89 28
15 12
45 15
77 14
15 40
13 83
82 92
58 15
24 73
49 14
67 93
51 29
24 59
38 84
52 44
30 48
18 63
73 79
99 57
74 64
69 51
60 58
17 44
65 76
74 78
91 49
1 76
83 18
59 63
10 99
37 2
81 94
68 19
95 3
34 68
71 93
33 39
27 78
79 83
17 52
25 75
16 5
6 57
49 86
41 8
87 94
9 41
26 95
9 75
86 66
62 83
87 90
11 54
2 93
8 42
44 2
98 90
88 69
83 32
17 56
37 71
97 75
66 77
12 75
55 89
37 93
97 45
96 47
56 52
46 74
20 64
25 8
22 45
49 39
62 73
29 95
0 10
16 48
43 98
70 11
24 13
88 29
84 34
41 12
41 25
64 78
0 4
78 23
78 48
80 85
21 91
39 77
16 74
61 33
36 4
41 75
14 39
99 89
43 49
20 23
84 7
56 67
84 68
30 23
97 41
79 32
52 67
30 78
0 36
41 42
20 50
69 29
43 80
54 7
9 45
51 53
42 12
86 81
40 75
28 31
55 1
2 67
41 22
84 54
95 51
44 93
53 92
48 46
92 29
6 55
0 28
42 60
65 31
2 52
88 95
50 30
28 76
63 62
11 34
26 82
31 99
81 72
2 71
18 73
19 7
48 20
72 90
34 7
27 23
88 51
55 0
47 74
10 55
43 61
33 91
52 37
26 88
38 11
96 30
95 53
76 57
96 16
11 19
38 68
26 92
3 51
96 5
93 17
21 87
47 78
99 65
1 89
13 62
48 96
64 30
80 94
9 40
98 33
1 6
59 13
76 55
14 87
21 43
13 63
7 68
64 27
16 23
32 18
45 8
40 58
24 32
5 50
68 11
93 52
47 23
25 97
85 33
31 36
37 56
34 38
64 46
73 59
50 74
56 44
46 16
87 39
60 40
20 46
34 70
62 32
34 54
47 20
54 70
50 48
10 57
53 69
11 7
57 28
24 79
55 4
51 92
19 54
96 46
99 1
62 79
78 5
38 7
82 69
26 3
42 9
45 41
31 6
60 97
35 62
50 64
16 64
65 6
9 25
66 21
94 49
10 36
56 2
64 48
85 61
71 17
35 59
35 79
28 4
3 82
39 81
3 92
68 70
86 21
79 59
91 39
12 40
74 96
4 6
3 53
19 84
89 0
88 3
78 96
57 36
93 56
54 68
58 22
77 81
31 10
47 27
37 44
53 29
33 86
57 0
80 39
90 39
8 9
23 48
61 21
63 35
58 42
61 14
57 1
94 77
8 60
60 12
89 65
70 84
64 5
82 53
36 55
25 40
59 32
12 25
98 86
67 37
72 43
36 76
96 64
65 28
96 23
69 95
76 99
25 22
6 28
1 10
21 94
18 59
56 71
17 37
62 24
54 38
9 60
7 70
25 42
86 91
19 34
41 15
