100
54 73
98 75
74 55
41 60
93 64
99 93
50 74
91 93
42 56
65 63
30 81
28 98
0 36
57 9
13 66
61 29
30 4
74 51
13 33
92 36
40 47
91 71
96 82
98 41
16 23
99 3
33 48
44 99
89 67
99 70
45 71
25 36
66 58
70 18
12 49
82 97
38 13
28 81
59 44
40 89
28 48
66 12
21 11
47 54
30 12
7 13
37 66
37 48
10 87
34 61
78 87
30 66
56 63
98 81
12 98
81 72
44 96
79 15
7 81
98 66
88 92
84 68
11 53
1 46
57 42
53 73
20 50
96 99
61 33
8 1
85 21
47 89
3 14
0 42
80 68
80 15
36 77
23 26
65 21
96 74
72 2
1 79
94 23
56 94
4 75
44 20
39 97
20 55
19 40
56 57
55 96
60 66
70 83
3 8
84 99
55 15
23 76
37 34
24 30
35 79
49 60
80 97
27 32
77 0
58 48
69 59
51 80
32 62
64 14
5 95
19 9
55 91
21 17
26 16
65 26
44 79
70 20
45 14
27 65
85 87
71 18
16 5
22 76
90 41
31 40
27 54
20 15
29 81
95 47
66 4
48 49
49 34
11 92
38 98
36 16
53 21
35 3
46 74
48 66
58 4
13 48
21 32
92 53
58 12
37 7
76 17
46 84
69 14
37 30
32 87
81 61
50 71
29 12
56 54
18 99
97 18
8 55
40 9
48 12
86 51
22 19
83 39
48 98
13 43
42 36
91 50
38 72
5 42
38 75
27 0
44 97
36 63
64 91
0 5
45 69
44 15
95 73
69 80
89 57
68 79
1 86
81 60
12 75
79 71
26 57
86 93
90 61
14 70
87 26
69 84
77 16
22 40
69 8
86 79
68 8
41 12
74 18
52 76
15 83
86 91
3 44
46 80
12 28
62 77
69 46
12 4
25 63
99 39
57 32
39 15
44 18
46 14
71 8
73 94
22 9
33 30
80 50
9 88
46 70
13 60
11 76
2 98
88 63
30 28
89 25
61 28
46 83
6 0
69 99
6 10
11 19
34 81
90 7
46 18
71 14
4 2
90 29
92 77
22 10
91 3
8 99
14 44
26 32
4 98
64 8
96 3
43 24
88 53
31 10
6 21
30 61
46 93
74 84
62 76
38 81
86 39
67 92
50 59
50 97
77 67
49 29
4 90
83 8
24 58
55 71
60 38
68 3
90 43
61 2
28 41
34 2
9 21
43 72
19 26
57 76
80 96
18 59
13 49
9 65
99 79
6 17
68 64
95 54
51 82
92 22
59 8
5 94
39 64
39 74
86 71
59 46
22 87
74 91
64 97
92 32
11 88
0 19
53 47
52 42
37 75
53 19
30 38
87 77
87 42
32 31
43 34
67 78
31 17
27 36
39 50
72 48
87 0
68 93
72 98
77 53
46 8
51 91
47 76
71 69
98 61
20 64
29 13
35 8
38 7
58 90
68 35
21 77
30 2
9 62
20 93
3 1
8 70
10 17
93 71
43 33
75 30
49 66
85 77
47 31
0 76
85 31
55 83
51 83
92 42
73 17
56 67
8 91
64 15
96 8
20 69
41 66
11 5
90 98
35 99
2 7
37 98
50 1
5 19
98 34
93 45
2 90
43 60
15 86
95 31
49 28
44 83
38 66
49 43
57 31
3 74
76 65
36 9
44 80
18 51
84 91
47 77
39 59
75 43
29 98
53 57
46 39
75 72
51 96
54 36
30 49
92 27
23 21
53 22
33 4
58 61
34 29
22 36
99 46
37 29
0 78
97 55
54 6
95 57
2 33
65 62
24 61
56 52
96 64
34 28
0 22
47 19
34 60
39 68
83 50
51 99
35 39
34 4
51 64
25 54
68 96
84 14
33 72
4 43
19 88
74 97
9 78
15 91
69 18
52 53
4 49
