1000
25 3
28 13
5 5
28 4
20 5
4 3
10 2
17 15
29 15
29 15
6 5
30 15
29 2
16 12
25 5
6 1
14 2
28 10
24 14
29 8
21 12
3 2
26 4
29 11
21 6
23 12
23 8
13 6
21 3
6 2
22 12
2 1
10 9
3 1
4 4
25 13
22 2
11 9
29 8
2 2
14 2
13 3
24 1
25 1
7 3
16 7
14 7
20 12
22 14
23 13
10 8
21 1
20 11
6 4
5 3
16 12
29 9
11 10
18 13
8 1
23 13
9 8
16 15
22 7
27 7
29 9
17 3
6 5
6 2
9 8
26 15
9 3
25 5
9 1
28 4
12 11
7 6
9 9
19 12
15 15
12 1
26 12
18 9
17 11
28 11
10 7
23 6
23 9
13 3
18 8
4 2
3 2
17 9
24 6
29 15
5 1
18 6
15 6
2 2
11 5
6 6
25 7
11 10
17 10
6 1
19 8
9 4
20 8
21 11
23 15
15 11
4 4
8 5
28 9
6 4
25 7
17 9
30 7
4 4
14 9
5 3
29 15
2 1
24 15
25 6
27 11
4 2
13 12
9 1
25 10
14 11
28 2
7 7
9 1
6 2
5 5
27 2
18 10
17 1
6 5
26 9
20 7
12 3
16 3
13 5
4 4
8 1
5 2
7 4
8 7
14 14
3 3
28 5
29 1
16 4
16 9
11 10
28 6
12 1
5 1
24 14
13 3
9 3
13 7
4 1
5 3
29 15
29 10
18 12
3 2
8 5
12 1
25 5
2 1
3 3
6 5
20 4
23 2
20 8
15 6
17 11
10 3
23 10
7 6
21 5
7 3
12 5
20 13
24 11
4 2
28 7
24 5
16 14
14 7
14 11
10 2
16 6
16 14
25 6
25 14
20 9
12 2
25 3
17 15
12 12
29 4
27 1
17 6
20 12
19 8
8 5
10 1
15 14
8 2
26 14
7 4
8 2
6 2
8 7
14 7
11 1
28 10
14 9
7 5
28 11
30 6
14 10
5 4
9 2
13 2
19 7
9 1
19 12
22 3
8 7
5 2
10 7
11 5
14 11
16 2
4 4
9 2
25 12
2 1
28 4
23 2
16 6
18 5
8 8
15 4
29 10
17 4
17 3
8 4
16 7
20 3
21 5
13 9
12 2
30 12
3 3
27 15
28 1
25 9
4 4
9 3
11 2
21 5
5 5
22 4
5 3
20 1
16 1
24 5
22 2
28 6
27 6
11 8
22 1
7 4
2 1
23 11
16 4
15 7
28 4
19 15
19 8
26 10
25 8
18 8
7 2
8 3
27 8
2 2
16 5
6 6
30 4
22 12
16 5
15 5
3 3
21 9
3 3
4 4
17 11
4 2
25 1
25 4
22 11
6 2
21 7
17 15
30 3
20 10
25 8
15 7
14 4
25 8
4 4
5 1
7 5
13 9
26 3
25 6
3 1
13 12
17 14
14 9
21 3
20 8
10 9
14 6
2 2
30 5
6 2
5 3
12 3
7 7
16 4
11 7
29 14
28 6
3 3
23 3
9 9
14 8
17 9
29 2
14 8
30 9
10 4
22 2
21 12
17 4
22 13
21 3
7 3
5 5
30 11
6 5
2 1
18 2
27 2
21 1
7 4
12 8
15 8
30 8
6 3
26 4
20 4
12 3
7 5
14 11
15 14
5 4
19 4
8 4
13 1
18 12
9 6
10 1
19 8
9 9
25 8
30 14
23 12
11 3
18 14
5 2
28 13
27 5
25 5
9 6
19 9
2 1
14 11
11 6
6 3
7 4
14 6
4 4
19 15
15 12
22 10
22 2
20 10
2 2
3 1
11 4
17 10
20 15
13 7
25 11
22 4
30 5
17 12
11 8
5 4
19 2
24 7
14 10
4 1
9 1
6 4
10 3
14 7
17 2
15 2
27 2
17 15
29 12
20 5
29 11
8 4
21 8
10 1
21 10
22 8
3 3
9 9
8 8
21 5
26 12
11 3
24 7
21 8
2 1
19 11
13 13
28 10
2 1
15 8
14 1
15 7
24 15
11 4
24 4
15 4
3 3
7 4
22 7
15 4
6 4
11 8
19 5
7 4
23 12
9 3
28 13
9 8
24 1
7 7
10 6
4 1
18 14
21 14
17 15
14 13
20 15
20 15
21 1
20 12
29 1
8 5
22 10
8 3
5 1
19 2
15 15
15 8
21 10
24 11
12 1
21 4
14 7
26 1
26 2
9 4
19 5
18 15
17 5
27 13
9 4
11 9
5 5
29 4
20 15
15 11
20 15
17 12
20 3
17 6
22 3
17 13
30 15
8 7
5 5
5 3
3 1
13 11
15 9
12 2
24 4
20 8
24 7
29 12
30 6
7 6
6 6
22 13
4 4
17 6
17 1
26 15
16 13
13 12
21 2
23 1
17 10
12 9
6 4
18 10
9 9
3 1
23 14
9 2
14 5
21 14
12 3
23 13
13 8
21 15
22 8
14 10
2 1
11 11
14 9
9 2
7 1
25 8
14 12
27 7
13 12
24 10
13 12
25 1
23 11
12 8
8 1
24 15
29 4
11 4
21 11
14 14
26 4
24 14
6 6
26 7
30 8
16 9
27 13
19 3
6 4
7 7
13 9
23 7
25 1
24 2
11 6
17 12
4 3
5 1
5 2
21 7
16 7
7 5
16 3
6 2
3 1
26 5
18 3
28 1
22 13
18 4
25 3
27 3
30 5
2 1
27 7
19 12
30 7
17 1
15 5
25 15
8 2
16 2
28 5
18 4
26 12
23 13
18 9
9 5
21 9
4 3
20 3
21 14
23 1
27 4
30 12
24 9
18 9
28 2
18 14
2 1
5 1
27 9
16 7
26 2
8 5
18 1
20 13
2 1
19 8
12 1
3 1
16 10
7 7
5 5
7 6
6 3
7 5
3 3
20 4
10 10
17 7
22 12
16 6
17 6
14 14
5 4
16 13
26 6
27 13
9 2
8 8
18 6
20 6
14 6
7 6
29 13
4 4
5 1
6 4
6 2
20 6
18 3
3 1
29 3
23 6
23 6
3 1
26 7
29 2
30 14
26 7
24 12
16 11
7 6
13 9
5 2
2 1
29 1
10 5
10 9
11 4
15 14
20 7
2 1
26 1
18 1
26 11
12 1
14 5
3 2
7 6
21 3
11 2
28 1
5 2
30 11
17 8
22 14
30 7
10 1
14 6
15 13
24 6
25 3
4 2
7 7
12 12
3 2
17 6
11 4
7 1
8 7
28 3
21 5
15 7
28 5
5 2
23 2
23 2
18 15
7 2
19 9
10 4
5 2
8 7
27 6
4 1
9 1
3 2
14 13
2 2
28 11
7 5
4 3
10 10
15 14
4 1
30 11
11 7
10 1
3 2
10 3
3 2
16 15
24 9
20 8
4 1
4 3
24 14
28 14
17 10
5 2
25 10
11 8
10 3
23 10
2 1
3 3
21 5
19 11
17 10
23 4
22 14
24 10
10 4
22 12
18 8
13 12
3 2
24 5
11 3
19 1
23 6
5 2
5 4
17 10
16 12
27 8
25 6
23 13
3 1
4 1
4 3
25 2
29 15
21 11
5 2
22 11
5 3
5 4
20 14
11 10
20 4
23 15
18 14
23 11
8 8
23 7
30 13
27 2
4 3
12 2
12 9
21 4
19 12
24 2
12 5
7 2
4 1
24 8
7 7
13 3
18 14
8 3
20 9
16 13
6 3
24 1
4 1
10 2
8 4
17 3
4 4
13 11
5 1
5 2
24 5
10 7
19 14
29 4
14 4
22 2
23 5
14 1
21 10
5 3
29 6
7 4
9 9
25 13
16 14
24 2
13 9
9 8
3 3
21 10
14 11
15 12
19 10
3 2
11 9
24 12
22 8
5 3
5 5
4 1
2 1
14 6
21 2
22 12
17 8
5 3
20 5
5 3
5 2
4 1
6 4
6 1
7 4
11 2
11 4
8 1
9 2
27 8
22 8
18 1
7 6
8 8
4 4
28 15
22 13
18 13
11 11
6 4
20 13
30 9
6 6
9 2
13 1
4 4
21 13
13 11
30 11
13 10
19 9
6 4
13 13
6 4
23 2
27 10
12 9
21 5
10 4
17 9
26 10
19 1
11 11
10 8
15 10
14 5
12 12
18 8
23 14
14 8
14 7
5 5
2 1
10 10
11 3
20 9
29 9
29 12
15 7
8 1
24 8
24 3
23 8
23 9
5 4
21 8
15 5
8 3
4 1
25 11
7 3
6 4
21 1
27 14
16 2
22 2
6 3
29 10
17 8
21 7
3 1
25 7
23 2
5 3
17 2
11 4
17 5
13 5
14 4
7 4
9 1
2 1
28 3
20 14
29 12
6 4
28 15
25 14
18 4
14 13
9 4
23 9
8 3
3 1
24 9
21 6
22 12
20 10
14 13
13 12
25 6
11 8
25 11
24 7
26 1
16 1
20 6
29 15
14 3
3 2
27 14
