10000
82 3
91 13
14 14
92 4
64 5
11 7
29 3
56 15
96 15
97 15
17 11
98 15
96 2
50 12
81 5
16 1
43 2
92 10
80 14
96 8
66 12
5 2
86 4
94 11
69 6
77 12
75 8
40 7
66 3
18 5
71 12
5 2
29 14
6 1
11 11
83 13
70 2
33 12
96 8
5 4
45 2
39 4
77 1
80 1
20 7
50 7
46 8
65 12
72 14
76 13
29 11
69 1
66 11
18 10
13 6
51 12
97 9
35 14
59 13
24 1
76 13
27 13
52 15
71 7
90 7
96 9
56 3
15 12
16 4
27 13
85 15
27 5
82 5
26 1
93 4
36 14
21 13
26 15
62 12
48 15
36 2
84 12
59 9
56 11
92 11
30 11
76 6
76 9
39 4
58 8
9 4
7 3
54 9
79 6
94 15
14 3
58 6
48 6
3 3
35 6
18 14
80 7
32 13
54 10
18 2
61 8
28 6
66 8
70 11
76 15
46 11
10 10
24 8
92 9
17 8
83 7
55 9
100 7
9 8
45 10
12 6
97 15
2 1
78 15
82 6
88 11
10 4
41 13
27 1
81 10
44 12
92 2
20 15
28 2
16 5
15 13
88 2
59 10
56 1
16 11
86 9
63 7
36 3
52 3
41 6
9 7
25 1
14 4
20 8
25 13
43 15
6 5
91 5
95 1
50 4
50 9
35 14
91 6
38 1
13 3
79 14
40 4
25 5
41 8
11 3
15 8
95 15
96 10
58 12
7 4
25 9
36 1
83 5
3 2
6 6
18 13
66 4
74 2
66 8
46 6
56 11
31 5
75 10
20 13
69 5
20 6
38 6
63 13
79 11
10 4
94 7
78 5
50 14
45 8
46 12
32 2
52 6
52 14
82 6
80 14
65 9
39 3
82 3
54 15
36 15
94 4
88 1
56 6
63 12
60 8
22 9
31 1
48 14
24 3
85 14
21 7
24 3
18 4
24 12
45 8
32 2
93 10
44 10
20 9
91 11
98 6
45 11
13 10
27 3
42 3
60 7
27 1
61 12
72 3
23 13
13 5
31 10
33 7
43 12
52 2
10 10
27 3
81 12
4 2
93 4
74 2
50 6
59 5
25 15
47 4
97 10
56 4
53 3
24 7
50 7
63 3
69 5
41 10
38 3
99 12
5 5
89 15
92 1
80 9
11 9
27 5
35 2
69 5
15 13
73 4
12 7
66 1
50 1
79 5
72 2
91 6
90 6
35 11
71 1
21 8
5 3
75 11
51 4
49 7
91 4
62 15
63 8
87 10
81 8
59 8
20 4
25 5
89 8
4 3
50 5
18 15
98 4
72 12
51 5
48 5
7 7
69 9
6 6
9 9
53 11
11 4
82 1
82 4
73 11
16 3
67 7
53 15
98 3
66 10
81 8
46 7
44 4
83 8
10 10
15 2
19 11
40 10
84 3
81 6
7 2
41 13
54 14
43 10
67 3
64 8
30 13
44 6
3 3
99 5
18 3
12 6
38 3
21 13
50 4
35 10
96 14
93 6
7 7
75 3
28 15
43 9
56 9
95 2
43 9
99 9
31 5
71 2
67 12
55 4
71 13
67 3
19 5
14 13
100 11
18 12
5 1
57 2
89 2
68 1
20 7
38 10
47 8
99 8
17 6
86 4
65 4
39 3
20 9
44 11
49 14
13 10
60 4
24 8
40 1
59 12
26 10
30 2
63 8
28 15
83 8
99 14
74 12
36 4
59 14
12 5
91 13
89 5
82 5
27 10
60 9
4 1
44 12
32 8
17 8
19 7
43 6
11 9
61 15
48 12
70 10
71 2
65 10
5 3
8 3
33 5
54 10
66 15
42 8
83 11
73 4
97 5
54 12
34 11
12 9
62 2
79 7
43 11
10 1
28 2
17 8
29 4
45 8
54 2
47 2
88 2
53 15
95 12
65 5
96 11
25 7
68 8
30 1
68 10
70 8
8 8
27 15
24 14
68 5
85 12
36 4
79 7
68 8
2 1
61 11
40 15
92 10
2 1
47 8
44 1
47 7
78 15
33 5
79 4
48 4
5 5
19 8
73 7
48 4
17 9
35 11
62 5
20 9
75 12
26 5
92 13
28 13
77 1
20 14
30 9
11 1
59 14
69 14
56 15
44 14
65 15
66 15
69 1
64 12
95 1
22 9
72 10
25 5
13 2
62 2
46 15
47 8
67 10
78 11
36 2
67 4
43 7
85 1
84 2
27 6
62 5
59 15
55 5
88 13
28 6
33 12
13 11
95 4
65 15
49 11
65 15
55 12
66 3
55 6
73 3
53 13
100 15
23 12
12 11
12 6
8 3
42 13
46 9
38 2
77 4
64 8
78 7
94 12
98 6
21 12
15 15
70 13
11 10
54 6
54 1
87 15
50 13
40 14
68 2
75 1
53 10
36 12
16 10
60 10
27 15
6 2
76 14
26 2
45 5
70 14
37 4
74 13
41 9
69 15
71 8
45 10
3 1
34 15
44 10
28 3
21 2
83 8
44 12
89 7
40 14
78 10
41 14
82 1
76 11
39 9
23 2
80 15
95 4
34 5
68 11
45 15
84 4
78 14
18 14
87 7
99 8
52 9
89 13
60 3
17 10
21 15
42 10
76 7
83 1
80 2
33 8
54 12
10 8
13 3
15 4
69 7
51 7
20 11
51 3
16 3
7 1
86 5
57 3
94 1
70 13
59 4
82 3
89 3
99 5
2 1
87 7
62 12
100 7
54 1
49 5
81 15
24 3
51 2
91 5
58 4
85 12
75 13
60 9
26 8
67 9
10 6
63 3
67 14
74 1
90 4
99 12
78 9
59 9
93 2
59 14
3 2
13 1
87 9
49 7
85 2
22 10
56 1
64 13
5 3
62 8
37 2
6 2
50 10
21 15
14 14
22 12
16 7
20 11
6 5
64 4
29 15
55 7
70 12
51 6
55 6
46 15
14 11
50 13
86 6
88 13
28 3
22 15
57 6
65 6
43 6
22 11
95 13
10 10
12 1
16 10
18 3
63 6
58 3
7 1
94 3
74 6
75 6
8 1
87 7
94 2
99 14
87 7
79 12
52 11
19 12
41 10
15 4
5 1
94 1
31 7
31 13
34 5
48 14
66 7
4 1
85 1
57 1
86 11
36 2
46 5
7 3
19 12
67 3
34 2
90 1
13 4
99 11
55 8
71 14
100 7
30 2
43 6
48 13
77 6
83 3
11 5
19 14
37 15
7 4
53 6
35 5
19 1
22 13
91 3
68 5
48 7
92 5
12 4
75 2
74 2
57 15
20 5
61 9
31 6
15 5
23 12
90 6
9 2
26 1
7 3
45 14
3 3
90 11
21 10
11 7
32 14
47 14
12 1
100 11
34 9
31 1
8 6
31 5
6 3
52 15
77 9
64 8
10 2
10 8
78 14
91 14
54 10
12 5
83 10
35 10
31 5
75 10
3 2
6 5
68 5
61 11
54 10
74 4
72 14
79 10
30 6
70 12
57 8
41 14
8 4
79 5
35 4
62 1
75 6
12 3
14 11
56 10
50 12
90 8
81 6
74 13
7 1
9 3
10 6
81 2
95 15
69 11
15 4
73 11
12 6
13 9
65 14
34 13
66 4
76 15
59 14
75 11
25 15
74 7
98 13
87 2
10 7
38 2
38 11
69 4
61 12
80 2
38 7
22 4
10 1
78 8
22 15
40 3
56 14
24 5
65 9
49 13
17 6
79 1
11 1
31 3
25 6
54 3
11 10
42 12
12 1
13 4
79 5
30 10
61 14
97 4
44 5
70 2
77 5
44 1
66 10
12 7
94 6
20 8
28 15
80 13
50 14
78 2
41 10
29 13
5 5
68 10
44 12
46 12
62 10
7 4
33 11
78 12
70 8
14 9
14 14
11 1
2 1
43 6
66 2
73 12
54 8
12 6
64 5
14 8
15 6
11 2
16 9
18 1
21 8
33 2
33 6
23 2
26 4
90 8
71 8
57 1
20 13
22 15
9 8
92 15
71 13
57 13
33 14
18 9
63 13
99 9
18 14
27 3
41 1
9 8
69 13
41 12
99 11
41 12
63 9
17 9
39 14
17 10
77 2
88 10
36 12
69 5
31 5
54 9
84 10
61 1
35 15
31 12
46 10
43 5
37 15
57 8
75 14
44 9
44 7
14 14
4 1
30 15
33 4
66 9
96 9
94 12
47 7
25 1
77 8
77 3
75 8
75 9
12 9
69 8
47 5
23 6
11 2
83 11
19 5
18 10
67 1
90 14
53 2
71 2
17 6
96 10
55 8
69 7
5 2
82 7
76 2
13 7
53 2
34 6
56 5
41 5
43 4
19 9
27 2
4 1
93 3
66 14
94 12
18 10
93 15
80 14
59 4
45 14
27 7
76 9
24 6
8 1
77 9
68 6
72 12
65 10
43 14
40 13
82 6
33 10
82 11
80 7
86 1
52 1
64 6
96 15
45 4
7 5
87 14
64 13
37 13
100 14
24 5
66 10
61 7
40 15
16 8
4 3
43 14
20 9
73 7
38 5
85 14
74 15
58 5
19 1
96 6
28 14
93 2
24 5
38 8
10 2
65 12
19 5
6 2
73 5
36 7
67 4
40 8
64 4
4 4
92 1
81 15
75 12
82 7
39 4
63 2
58 9
54 9
29 11
26 2
46 10
24 3
81 7
99 14
4 2
55 10
10 7
81 12
99 7
8 6
95 13
3 1
69 1
79 11
54 13
89 15
91 15
63 1
15 14
23 1
20 6
6 1
12 6
63 1
95 14
37 14
42 8
99 5
95 6
68 7
99 4
77 9
35 5
67 6
26 1
31 13
69 10
54 5
42 4
61 7
76 11
59 13
56 11
59 9
52 13
10 2
73 10
100 15
37 14
98 8
36 10
89 14
47 11
42 7
23 8
14 4
32 14
73 2
79 15
70 6
2 1
85 7
93 4
78 14
6 6
39 2
71 3
74 8
24 14
28 13
68 13
49 14
63 13
25 10
19 14
84 5
77 13
94 11
12 9
20 12
11 8
50 12
21 4
90 9
11 8
6 5
57 10
78 13
32 12
19 11
35 1
22 15
52 3
91 4
64 2
12 11
40 14
7 1
51 11
44 13
100 10
82 7
50 11
90 9
15 7
40 8
93 9
92 10
72 9
63 12
35 11
94 3
14 4
74 5
66 3
84 9
41 12
76 6
84 5
33 14
56 8
98 9
56 5
34 3
63 11
37 3
76 3
42 2
50 5
70 5
98 1
34 3
84 12
75 3
96 10
5 5
37 8
67 2
29 11
24 13
72 7
63 14
60 8
67 5
6 2
36 9
46 4
25 6
72 2
86 15
29 4
74 7
15 7
84 11
15 6
60 5
38 13
81 2
51 8
50 12
88 15
36 12
46 1
97 15
6 3
98 1
20 10
68 15
60 11
68 11
37 4
63 4
82 13
3 3
10 8
98 1
66 6
24 5
41 8
14 11
28 11
27 2
34 13
17 5
36 7
14 5
89 10
11 4
94 12
41 11
6 4
35 11
74 11
80 10
55 10
69 2
90 2
7 4
32 8
6 5
21 2
73 12
73 9
88 15
59 4
8 8
93 12
81 12
30 6
55 14
99 2
72 3
85 4
44 2
48 2
57 2
28 9
76 15
51 2
66 13
32 13
15 8
49 11
37 3
80 12
79 4
68 9
15 11
4 1
57 9
31 3
95 7
99 7
30 6
81 7
90 10
61 9
89 12
95 5
56 13
74 11
59 6
4 1
46 6
65 5
53 3
38 7
94 12
84 1
86 15
38 5
60 15
88 12
94 15
68 3
22 6
66 14
9 5
42 7
68 2
94 9
82 13
49 3
76 10
43 11
98 2
99 11
87 1
40 13
47 15
26 3
79 6
89 10
92 14
57 1
61 2
16 3
91 12
46 2
22 2
91 15
77 8
89 3
30 13
68 5
67 8
14 7
42 5
29 3
72 5
30 13
90 7
83 15
40 7
51 12
70 6
84 10
62 14
58 14
34 7
47 14
72 7
89 13
73 6
3 2
68 5
45 2
45 11
13 1
82 7
34 14
26 1
35 14
39 7
56 6
57 7
41 4
41 2
53 4
67 7
96 7
73 7
41 7
84 3
15 1
7 6
10 10
18 14
34 2
31 8
3 1
55 1
11 2
16 3
64 13
87 4
98 14
58 12
100 15
56 6
53 11
34 9
44 7
50 15
9 1
89 9
8 6
45 12
83 5
41 15
62 13
83 8
89 7
94 3
20 15
27 5
90 5
60 12
51 1
62 11
83 10
54 14
22 6
46 11
44 7
97 3
63 10
70 7
73 1
36 5
53 10
57 11
17 12
57 7
70 14
44 2
84 13
74 5
37 8
46 9
40 5
78 1
74 9
44 12
70 5
95 11
79 9
71 12
12 3
40 14
60 6
47 5
6 4
24 15
84 8
3 1
87 15
9 9
68 6
51 7
23 6
58 15
14 4
68 14
61 1
7 5
7 7
17 1
3 1
45 1
84 10
63 2
53 6
87 3
11 7
91 10
12 4
53 4
16 1
57 6
2 2
77 15
86 2
92 14
99 7
52 4
28 12
11 9
52 4
59 6
77 12
10 3
67 14
53 12
18 5
94 3
60 7
45 11
95 12
66 11
46 5
85 1
54 6
56 9
69 6
38 13
25 8
59 13
87 14
42 9
13 5
45 12
31 5
41 9
84 2
41 2
40 15
37 8
15 10
27 10
10 6
44 15
27 13
31 10
44 12
13 7
51 11
71 2
26 11
79 11
9 7
40 10
2 1
23 1
2 1
20 10
16 2
28 9
19 10
15 15
61 15
91 14
94 14
23 3
49 6
39 11
53 8
28 11
8 7
45 1
19 11
4 3
96 14
44 9
97 1
77 13
2 2
69 5
71 5
65 1
56 8
23 3
78 6
24 8
38 15
90 3
86 14
41 11
33 7
62 11
92 6
92 5
60 7
34 11
86 3
45 2
91 9
5 3
54 13
72 15
19 2
35 11
20 8
33 2
41 4
56 7
6 2
56 2
29 6
25 2
26 9
17 1
96 15
94 15
83 10
74 10
19 11
37 12
20 3
2 1
33 4
71 6
63 11
55 6
45 15
30 13
51 9
77 13
77 2
59 5
76 6
65 12
14 12
51 12
36 7
11 10
16 11
21 1
68 14
44 9
70 2
27 11
2 2
54 7
29 12
95 6
91 12
40 10
4 1
68 5
84 10
98 4
7 4
46 1
59 8
69 7
73 8
66 13
73 8
39 5
59 13
13 13
7 3
98 6
30 8
60 10
97 9
20 7
21 8
35 8
94 1
40 3
29 12
17 13
41 10
39 3
14 2
45 12
11 5
62 14
3 3
58 3
80 5
25 9
46 1
58 12
8 1
51 10
65 7
23 9
84 5
98 5
85 1
52 6
29 14
75 3
25 13
96 10
63 13
61 6
19 1
10 10
27 14
86 1
92 15
71 11
73 2
24 4
59 2
82 8
41 6
99 11
10 5
33 4
52 13
8 7
73 6
57 2
54 7
84 5
87 7
80 7
33 6
46 1
76 2
12 7
12 5
28 3
53 8
98 11
72 11
32 5
30 8
86 13
92 15
65 1
27 3
10 7
84 7
59 9
95 6
8 2
59 7
30 8
83 11
20 3
45 2
40 9
83 8
69 5
22 10
33 10
15 7
68 7
58 13
18 14
16 15
49 2
91 3
56 9
5 3
7 5
81 7
46 8
39 9
80 13
38 15
54 12
72 3
88 4
34 14
66 5
98 15
9 6
60 14
42 6
32 13
28 10
77 3
100 13
20 6
79 3
21 3
100 12
81 3
43 3
74 6
51 9
82 10
37 1
9 4
60 6
92 11
21 11
44 10
76 12
5 4
95 2
77 7
57 10
20 5
51 10
53 14
100 15
86 11
97 4
69 11
41 10
94 11
49 5
24 8
41 12
71 12
57 9
76 10
100 15
97 7
54 3
97 14
13 11
7 1
32 1
59 10
54 7
91 10
55 15
44 2
55 2
72 10
3 1
81 2
16 13
49 10
27 11
38 14
67 3
18 9
29 13
21 14
21 15
34 1
89 8
48 15
41 5
19 9
97 9
42 6
85 11
62 8
39 4
88 7
79 10
48 8
82 12
90 13
44 1
35 2
61 12
91 1
71 12
39 4
74 8
96 5
55 12
55 11
32 15
9 4
20 13
11 6
47 12
2 2
92 15
65 14
2 2
5 2
22 11
47 5
14 12
2 1
73 3
37 8
79 11
45 6
45 1
6 2
6 1
11 7
60 11
25 3
85 5
86 10
97 5
50 8
23 3
24 13
55 9
77 10
36 4
47 13
65 13
92 4
17 12
72 1
59 6
44 4
89 5
40 9
19 6
64 4
63 11
34 1
81 6
100 6
99 15
14 11
24 12
4 4
62 14
12 5
42 6
89 6
56 1
38 9
22 7
45 12
96 2
14 11
48 5
86 4
6 4
70 10
98 2
30 12
15 12
69 5
92 3
62 14
91 3
21 11
76 5
36 11
43 15
17 13
83 10
63 2
75 12
81 14
8 3
96 2
51 14
76 10
75 13
84 5
17 5
47 8
63 4
94 15
84 10
90 15
59 14
59 6
86 3
5 1
89 9
42 3
5 3
75 10
17 13
16 14
61 6
27 11
34 14
41 2
42 14
40 3
62 5
18 10
20 11
11 11
33 4
78 5
25 6
75 4
70 7
83 8
83 8
31 9
32 13
53 4
34 11
84 13
82 13
57 2
28 3
69 7
25 5
47 7
40 13
55 6
100 5
76 7
99 5
25 10
54 15
7 2
76 2
61 8
86 10
99 4
94 2
42 15
2 1
55 10
22 2
23 15
34 6
11 8
76 11
76 10
55 8
35 5
84 1
56 5
96 10
90 10
37 8
56 10
36 15
63 9
80 5
75 10
14 11
83 2
4 1
43 13
74 9
79 1
38 1
75 5
90 12
26 5
14 10
24 12
36 15
30 8
93 2
7 6
60 6
18 5
85 9
18 6
51 10
100 3
37 6
6 2
23 5
41 6
35 2
24 3
94 6
69 8
97 12
45 13
95 5
2 2
62 15
81 1
25 2
94 2
77 9
83 8
58 15
80 4
34 11
24 11
32 2
59 4
84 7
30 11
41 14
87 1
62 12
100 15
22 4
83 15
68 15
26 4
49 13
41 4
61 14
81 13
12 10
83 15
85 5
37 11
44 3
58 12
71 2
75 14
77 12
40 9
44 3
96 2
58 2
86 9
29 8
63 11
60 9
97 8
10 6
51 2
53 5
10 10
91 8
89 15
45 11
79 1
16 2
63 9
27 2
46 3
85 13
21 7
32 7
49 13
35 1
81 14
99 12
17 7
25 5
71 6
39 8
98 12
98 10
65 11
87 2
41 10
64 15
99 5
57 5
94 13
73 8
49 15
65 6
89 7
21 2
41 1
100 14
41 14
67 15
91 4
100 9
66 10
12 12
5 1
63 13
58 11
97 12
75 15
67 8
53 10
27 15
97 12
55 9
4 3
70 4
53 14
7 1
90 1
34 12
24 14
13 11
32 3
24 5
66 7
8 5
29 1
29 15
89 14
45 4
76 14
61 14
79 9
13 7
98 6
86 12
7 6
48 14
34 11
64 1
24 8
59 10
61 15
61 5
46 5
5 3
52 12
42 15
12 7
47 2
46 12
56 11
81 9
71 7
88 10
7 1
23 8
47 5
96 8
80 13
46 6
35 10
7 5
75 7
52 9
21 11
44 13
18 15
76 3
38 2
95 11
3 2
84 7
64 1
55 4
66 14
73 14
11 5
88 10
3 1
31 14
19 4
93 3
8 3
59 12
65 8
66 1
87 2
7 3
82 8
54 11
70 11
23 9
55 1
71 13
96 4
46 2
10 9
7 3
64 2
80 6
70 5
36 11
95 14
53 10
96 3
9 1
22 11
78 5
92 5
79 15
31 6
17 13
85 13
79 1
28 14
24 4
33 13
84 10
83 3
58 10
58 9
30 11
71 14
80 1
45 13
46 9
48 7
29 12
68 12
91 10
91 15
75 4
27 9
70 1
15 7
14 2
20 4
16 5
59 13
9 4
83 4
73 10
93 5
50 7
66 12
90 13
55 2
29 1
98 11
5 5
34 6
98 14
38 10
32 7
13 8
92 3
15 15
34 14
90 2
51 12
62 15
59 2
71 9
4 2
54 15
5 3
83 5
35 3
85 3
26 4
59 12
94 5
6 5
7 6
4 3
69 13
61 12
13 3
80 14
63 1
8 6
8 3
15 11
80 9
11 2
25 13
26 4
12 3
86 5
71 5
74 1
66 7
53 6
34 15
67 9
13 4
16 8
3 1
97 3
98 4
14 13
48 13
67 2
30 7
76 8
57 13
44 4
28 5
76 6
90 4
74 4
42 6
94 4
27 11
54 13
96 8
28 1
26 9
93 13
8 1
31 10
60 14
22 6
64 4
81 2
51 6
66 4
80 12
25 14
61 4
13 12
53 3
84 15
93 4
51 11
29 2
66 10
92 6
52 2
98 9
21 6
13 12
31 11
41 3
43 13
32 13
70 15
11 9
41 14
31 13
32 5
12 2
60 14
29 14
17 5
2 2
30 9
56 3
88 7
6 5
91 13
14 5
84 3
81 10
92 8
15 2
51 14
42 3
19 3
58 10
62 9
23 1
53 15
99 15
50 1
70 10
42 14
5 1
30 2
81 3
36 14
10 9
52 14
38 9
75 1
53 9
81 5
82 7
20 12
14 11
83 2
65 4
3 1
90 8
53 4
55 7
62 6
77 7
86 12
39 4
10 8
74 13
34 15
85 10
38 13
83 13
19 5
14 7
89 6
6 3
69 10
74 3
45 5
39 7
98 12
41 11
45 8
17 6
34 13
33 8
90 13
26 2
32 10
42 14
72 10
16 10
88 2
10 6
47 9
5 4
76 4
71 10
23 5
69 3
57 7
86 9
57 4
91 6
43 2
37 13
50 10
27 1
93 4
48 2
27 9
44 4
71 15
41 12
20 4
86 7
59 1
38 7
23 6
23 14
53 15
44 14
75 2
8 5
85 11
69 6
15 12
86 7
21 3
62 7
55 14
18 6
2 2
78 10
77 4
43 13
7 1
59 14
19 4
74 7
54 13
27 12
92 4
77 3
89 9
8 2
20 7
74 2
70 9
78 8
51 9
44 8
62 15
86 15
68 14
53 10
31 7
71 5
39 12
58 10
89 4
85 6
90 2
94 8
82 15
2 2
2 1
10 8
27 11
4 4
43 13
35 4
55 15
93 1
31 9
35 14
87 4
35 5
15 11
52 2
86 1
40 10
70 9
64 3
46 12
48 2
96 1
10 1
29 14
46 7
60 2
88 2
48 1
45 15
75 5
48 10
87 4
48 6
51 9
50 15
24 9
10 3
8 3
89 13
25 1
87 6
72 2
88 14
94 4
15 9
40 8
99 3
65 3
90 15
49 6
3 2
63 10
24 9
54 3
73 14
62 7
60 9
44 7
26 1
44 2
3 3
62 10
96 4
11 6
5 3
89 2
26 15
2 2
82 6
15 3
89 9
11 6
36 12
60 6
59 15
68 7
66 1
44 10
15 2
76 3
25 2
66 7
86 8
10 10
98 11
5 1
84 11
84 13
6 4
56 11
95 15
33 1
81 2
61 9
80 13
81 10
6 2
30 4
66 4
50 15
98 14
76 3
58 15
31 12
27 14
89 4
46 11
82 4
11 3
87 5
4 3
91 11
91 4
53 13
13 7
19 1
71 1
84 10
5 2
77 14
96 15
35 8
65 9
35 12
23 15
79 14
73 8
29 5
59 2
43 7
11 8
4 4
50 14
29 4
35 10
30 11
18 15
41 14
71 1
22 10
67 6
45 14
44 2
19 13
21 5
63 10
28 9
57 6
95 13
72 11
69 15
96 14
78 12
62 10
95 13
7 2
28 7
99 12
78 2
49 3
69 6
43 8
39 5
23 2
39 13
4 1
48 4
35 10
98 8
56 12
85 7
42 2
47 4
83 11
100 8
53 2
93 12
75 3
58 15
97 13
83 13
97 3
65 7
39 13
49 14
92 13
3 3
17 3
48 15
55 10
7 6
67 9
90 3
12 4
45 12
29 15
99 9
62 9
27 1
15 6
55 4
83 14
84 1
84 1
22 12
55 11
88 4
13 9
86 8
91 15
23 15
9 8
48 7
84 5
48 6
42 3
51 5
14 7
15 13
88 12
61 7
28 14
87 7
7 4
47 7
73 9
35 14
41 10
54 1
90 14
79 2
8 1
29 1
39 5
87 10
43 10
25 8
61 5
49 13
90 3
94 4
82 9
72 8
75 6
91 14
8 4
35 4
2 2
83 7
52 7
38 4
24 15
54 14
30 1
8 5
10 5
8 2
42 7
14 12
45 9
90 2
37 6
13 3
58 13
88 7
36 7
6 1
16 12
9 3
75 6
47 6
68 13
71 9
58 14
64 15
88 12
67 10
88 1
48 2
15 10
8 1
72 2
32 15
68 6
66 4
54 9
72 2
51 14
50 3
51 12
94 4
40 1
13 13
25 3
69 1
85 7
98 7
23 9
77 7
59 7
41 4
52 5
51 15
66 1
75 1
31 9
10 4
83 7
40 3
78 14
19 7
12 2
91 10
88 11
100 8
87 6
5 2
55 13
100 6
52 7
88 10
8 4
99 9
93 2
57 10
44 9
35 15
73 1
3 1
39 4
93 15
56 12
48 15
51 12
32 9
96 13
99 2
52 15
100 5
47 1
44 2
23 3
21 4
84 14
73 9
54 7
84 14
52 3
56 15
23 14
60 15
16 12
7 2
69 14
62 9
23 8
42 12
64 3
56 11
14 12
18 10
2 2
43 13
50 15
17 14
68 12
3 1
13 6
96 11
98 13
5 1
50 15
87 15
26 4
84 14
82 6
64 1
2 2
39 7
91 12
69 11
39 14
64 8
26 9
58 4
99 8
86 2
30 10
69 3
37 14
99 12
10 8
26 6
82 5
10 2
54 1
81 4
75 14
16 6
45 7
36 8
49 14
60 12
16 3
91 3
65 8
18 2
58 12
94 5
79 10
69 10
48 3
27 6
58 9
26 3
33 3
92 4
89 11
80 4
93 14
19 14
53 1
64 1
92 11
67 8
40 7
75 5
82 4
61 3
10 9
93 5
7 7
54 12
13 10
39 7
82 13
26 4
89 14
72 10
39 4
26 10
27 4
77 2
6 6
69 9
63 5
75 9
98 12
40 7
27 12
88 8
81 7
47 10
11 1
57 11
20 10
54 4
37 13
33 13
73 12
53 3
80 13
22 10
69 2
7 3
81 4
69 15
95 5
11 11
91 2
52 1
62 7
33 8
9 7
86 6
16 2
38 6
63 2
100 14
53 3
100 13
24 14
41 13
70 14
8 7
76 14
43 11
82 13
39 15
33 14
99 14
73 6
42 10
11 4
74 13
65 5
9 9
13 4
99 15
51 10
4 4
7 2
15 1
90 3
48 14
57 2
50 9
8 3
90 7
30 3
28 4
60 4
49 7
38 11
66 1
94 14
63 13
30 8
22 7
45 11
4 3
88 14
62 3
22 11
53 15
7 4
87 2
45 8
56 1
58 15
69 13
38 15
9 6
47 5
6 1
75 3
5 4
96 3
75 1
94 1
52 13
25 12
27 2
77 9
100 14
37 5
76 15
12 4
61 4
44 8
74 2
27 4
11 7
46 15
65 8
15 2
46 11
66 6
83 2
32 11
41 7
89 4
71 2
25 14
77 15
30 7
29 8
2 1
39 1
45 2
32 2
30 12
26 15
94 15
87 12
41 10
49 15
57 15
50 1
28 5
99 3
20 10
87 15
5 4
34 3
76 10
65 1
18 13
96 4
55 11
26 9
59 14
92 3
90 15
49 14
45 14
32 6
7 6
76 4
15 15
37 3
41 6
89 4
4 4
85 6
30 5
26 14
50 1
74 1
22 2
23 14
98 6
60 4
32 10
97 6
90 1
20 12
2 1
72 3
87 2
13 12
5 2
61 2
61 11
53 12
2 2
70 13
95 7
88 8
13 2
37 6
25 11
57 12
62 4
31 11
81 8
80 7
79 5
36 14
7 4
72 8
100 7
18 11
13 13
92 10
49 9
86 9
82 8
20 11
26 3
7 2
62 2
78 12
52 14
4 4
100 6
51 7
34 7
19 15
63 8
58 9
76 2
17 8
37 14
16 6
86 14
35 14
29 1
2 1
81 8
51 13
55 3
88 6
73 8
68 13
19 15
56 13
97 4
61 10
82 7
99 13
89 9
23 11
5 1
46 5
3 1
48 8
96 6
26 4
40 6
44 9
84 4
83 9
46 8
39 6
93 4
75 8
75 4
95 15
52 8
80 1
46 3
86 3
40 14
75 12
98 11
53 10
44 1
22 3
34 6
12 10
39 1
34 9
35 15
82 11
54 14
53 6
78 14
13 12
63 6
36 15
35 11
58 10
87 5
21 7
68 9
91 10
21 7
31 14
51 9
90 2
51 1
29 10
54 9
58 7
42 14
3 1
71 4
52 6
39 8
8 1
37 10
25 9
22 10
82 12
40 5
7 5
39 11
78 11
18 2
92 12
33 12
34 13
22 10
77 13
8 1
96 1
17 14
30 6
70 10
15 10
52 12
73 5
93 12
74 7
76 11
42 11
25 4
53 6
23 8
85 9
67 14
82 8
80 12
48 10
32 8
70 7
99 5
78 8
84 7
71 15
60 8
76 14
51 10
87 4
8 5
97 9
11 10
56 13
41 10
12 6
73 2
62 7
79 14
58 4
82 3
59 8
95 9
88 8
52 2
80 1
48 14
84 15
33 2
98 3
29 11
9 2
76 10
84 3
93 6
34 10
81 9
55 13
47 1
83 14
96 8
9 9
72 3
25 9
41 7
28 7
84 14
100 6
66 11
71 10
94 1
70 10
58 10
39 2
64 11
37 5
42 12
38 4
48 7
51 5
92 15
22 12
35 15
58 9
50 11
27 8
59 12
88 3
8 3
45 15
10 6
57 1
55 12
78 6
25 12
60 9
47 10
87 11
67 3
37 10
36 2
27 4
96 8
31 6
17 13
37 2
75 13
71 9
71 1
2 1
39 2
91 13
33 9
61 6
31 13
14 4
40 8
82 4
99 12
87 4
10 4
35 1
25 4
33 2
99 5
56 15
76 11
85 3
18 5
91 5
12 8
75 9
74 6
73 14
15 11
46 11
52 4
54 9
87 5
69 11
81 4
54 15
96 10
8 1
55 5
29 6
49 9
69 11
22 12
62 3
34 12
89 4
15 14
12 11
96 10
17 1
17 11
17 15
10 8
46 3
68 3
84 1
80 10
72 2
48 6
72 14
96 13
52 13
32 1
80 10
25 3
25 15
48 8
63 4
62 1
14 7
14 2
30 8
74 12
42 2
84 3
94 2
41 3
7 6
58 14
76 7
33 12
50 5
23 2
94 11
49 3
55 14
23 11
11 2
7 4
83 5
78 4
21 6
90 15
69 14
67 6
100 11
5 5
44 1
50 5
59 5
10 4
67 9
7 7
57 3
72 4
50 9
63 8
23 6
65 11
39 8
12 10
39 6
28 6
25 11
63 12
53 3
42 7
23 3
86 13
87 9
30 1
62 1
79 15
96 11
93 6
40 7
18 3
80 6
13 4
17 8
37 5
85 7
59 3
60 7
93 6
58 8
2 1
82 6
62 13
49 13
28 3
27 4
49 1
24 7
6 1
18 13
27 4
21 5
61 15
83 13
82 9
81 10
72 9
87 2
79 6
22 5
100 2
11 6
66 12
23 7
26 11
35 7
21 12
52 5
96 5
41 5
59 15
62 2
72 15
41 2
87 1
93 15
76 13
30 13
80 11
16 6
51 4
62 6
71 12
39 9
74 5
89 13
7 6
15 8
87 9
43 11
42 1
96 9
76 10
99 13
25 14
11 3
40 1
51 3
58 2
98 1
50 10
41 8
100 5
27 11
67 1
97 4
68 4
31 8
54 11
2 1
89 1
42 9
31 8
96 8
47 14
30 6
10 2
59 2
17 12
9 7
59 5
30 15
37 7
73 10
86 6
36 1
97 1
96 9
22 10
78 8
62 7
92 8
61 4
71 12
75 13
40 10
26 3
5 3
48 8
65 5
29 9
53 12
26 2
31 4
66 14
90 4
87 8
22 11
41 2
89 2
27 14
97 12
63 3
18 2
83 8
66 5
56 5
26 7
5 4
25 10
37 13
64 9
99 1
22 6
76 9
89 3
48 13
17 7
82 7
49 15
13 5
88 1
64 11
11 8
91 13
5 5
5 4
99 6
69 3
39 10
51 6
77 7
6 2
73 12
71 10
47 1
59 5
35 11
18 6
41 11
93 5
24 1
37 9
34 15
10 4
52 3
84 8
91 8
73 6
39 6
31 3
70 3
89 5
93 5
10 10
49 6
14 6
27 3
89 13
21 6
14 12
55 12
33 1
39 10
80 8
85 2
69 4
43 9
65 5
23 1
63 2
68 9
61 9
36 13
38 11
18 8
80 9
50 10
37 13
78 5
25 3
85 1
82 14
85 6
38 1
39 1
87 14
47 14
58 12
70 2
97 4
56 13
65 6
58 13
93 15
87 5
18 6
19 11
26 15
76 15
21 6
99 4
72 6
19 13
86 15
92 2
97 11
58 14
57 7
19 8
52 7
56 7
18 13
50 8
54 13
21 5
63 9
4 2
33 8
54 9
34 10
61 12
37 6
15 5
92 4
65 12
67 10
68 11
75 12
85 7
53 4
17 1
39 1
83 11
18 10
34 9
97 4
81 7
23 3
100 1
8 2
44 7
42 2
41 7
13 13
44 15
62 6
99 14
23 14
37 13
28 2
30 13
20 4
4 3
46 4
26 4
88 2
54 4
92 6
98 9
59 2
13 8
93 1
60 5
89 10
44 1
62 10
9 3
93 10
65 7
12 1
71 8
41 12
10 8
23 5
26 12
24 3
71 3
76 9
56 9
56 2
64 7
99 15
64 5
61 2
92 11
58 1
35 12
96 4
45 15
61 3
73 12
69 13
23 15
10 10
29 8
87 13
57 11
47 12
44 4
78 11
66 4
67 8
17 15
44 6
52 11
39 15
49 1
35 11
78 8
40 14
72 15
49 4
74 11
94 14
53 11
91 11
23 11
88 14
10 5
48 3
4 4
82 1
19 1
18 10
19 12
70 9
23 14
31 15
78 12
51 2
92 1
7 2
45 8
58 12
57 6
83 15
14 2
31 1
2 1
96 10
77 8
76 11
15 15
36 6
16 3
51 14
82 2
64 9
70 15
65 9
74 2
87 6
64 9
19 12
58 2
18 14
91 6
9 9
35 9
59 1
49 2
81 15
54 3
24 4
72 7
16 9
67 10
64 3
24 2
20 3
18 10
16 14
22 2
96 3
3 1
96 10
4 1
98 13
31 9
53 11
87 11
90 8
20 5
67 13
95 1
98 10
12 6
19 14
75 6
6 5
9 9
50 15
86 11
100 5
2 1
55 1
87 4
92 5
85 13
89 12
75 10
13 9
52 13
18 12
84 11
93 12
18 15
89 4
40 8
39 12
28 11
87 10
75 2
46 5
72 3
95 5
19 6
26 8
65 14
82 14
86 10
41 1
13 8
9 9
37 15
84 9
23 3
80 1
66 2
4 4
79 13
93 14
50 14
84 8
15 4
77 5
93 14
84 11
27 7
23 10
53 5
41 5
49 8
100 6
61 4
95 11
50 13
45 4
78 7
75 3
45 10
7 5
10 4
81 4
66 10
5 3
57 4
73 5
12 6
23 10
82 11
15 14
89 1
93 5
3 2
39 1
18 10
55 4
12 1
5 4
94 2
98 1
37 13
65 10
8 5
22 12
5 2
48 10
16 2
100 11
44 1
96 1
73 6
59 13
55 14
71 15
2 1
79 15
93 2
2 1
83 9
77 13
100 9
24 2
93 11
65 3
12 9
28 9
77 10
81 15
12 6
48 10
23 5
93 13
33 14
86 11
27 6
88 4
20 12
77 15
5 5
65 5
58 15
39 15
23 9
80 4
16 7
50 6
3 3
20 15
50 8
84 9
15 13
74 7
70 6
5 1
50 4
98 13
13 9
75 3
65 2
60 9
51 12
58 12
44 9
9 7
30 7
57 11
64 3
94 2
98 13
11 9
67 12
61 2
48 2
37 14
49 14
68 11
97 1
10 8
80 8
60 7
92 13
12 5
31 10
7 6
51 1
78 11
30 4
24 3
34 3
46 9
75 12
52 2
39 12
91 2
97 1
64 10
15 11
63 14
39 3
100 13
30 8
71 4
54 9
21 10
70 13
6 6
20 15
6 3
89 9
85 7
13 8
42 4
13 3
58 9
95 13
27 10
99 11
36 8
22 4
67 10
98 2
63 5
8 5
38 15
18 6
24 3
7 1
91 1
80 10
38 3
84 2
76 8
63 1
41 6
37 11
10 5
35 3
56 9
47 13
65 2
52 9
82 4
11 2
47 9
60 6
20 1
62 6
7 6
58 15
85 2
51 13
45 15
16 1
4 3
76 12
80 4
31 14
13 10
39 8
84 4
85 5
67 9
97 2
95 11
13 11
66 8
49 7
8 2
90 3
51 3
78 13
7 3
27 10
66 7
15 5
65 1
40 10
77 12
66 7
39 9
31 8
35 6
92 15
47 1
45 10
46 12
95 9
23 15
89 7
3 1
35 3
77 6
35 15
63 10
46 2
3 2
61 3
61 15
66 12
35 10
50 5
71 8
89 2
7 1
11 6
66 3
77 1
99 8
14 11
38 6
68 5
39 1
87 15
30 3
15 15
68 12
22 13
87 10
76 2
43 12
2 1
16 9
29 13
88 14
61 8
33 6
30 9
45 7
91 8
93 13
52 14
64 9
73 2
4 3
58 3
6 1
43 15
48 13
4 4
8 2
93 3
54 10
38 11
38 5
16 8
16 3
36 11
35 1
79 4
50 2
48 5
14 4
89 6
68 2
84 2
66 2
99 2
98 8
26 3
63 13
74 8
51 14
86 15
20 8
14 1
2 1
17 15
54 5
52 5
40 3
32 6
2 1
82 12
65 15
46 1
26 8
81 15
83 7
86 12
48 1
98 12
85 6
9 8
25 14
82 3
42 1
48 12
96 5
97 10
77 2
58 2
92 15
51 5
18 2
34 9
31 10
57 2
8 2
8 7
18 11
95 1
82 10
72 15
98 14
100 4
99 10
16 8
96 8
54 6
9 1
32 4
90 4
84 3
2 2
65 15
81 6
26 1
8 3
28 9
12 7
49 8
43 14
39 6
89 1
43 3
30 2
6 5
23 4
25 4
4 3
71 13
2 2
62 11
42 9
26 2
66 12
33 2
12 1
55 6
18 6
89 7
67 15
85 3
77 4
81 5
64 14
72 3
70 9
33 11
54 1
88 2
7 1
51 3
44 7
91 8
64 10
99 5
59 15
85 7
48 8
55 6
19 3
64 7
97 15
54 7
49 4
80 7
11 8
89 7
2 1
52 9
69 8
58 12
49 8
33 12
61 12
92 6
69 11
95 8
11 7
52 3
12 8
55 6
70 7
16 4
78 13
41 13
90 2
32 3
8 2
23 6
10 7
96 9
3 3
13 8
3 3
23 14
3 3
65 12
53 5
26 12
21 12
10 6
38 4
2 2
61 11
49 12
32 3
75 6
85 1
27 2
52 4
46 6
35 11
85 9
99 5
64 1
19 9
14 8
59 8
34 2
28 10
56 6
19 11
69 3
7 5
5 5
30 1
9 3
91 11
85 11
41 15
18 7
44 8
43 11
74 15
42 11
96 6
92 8
96 15
36 5
30 5
89 13
22 6
14 13
53 12
91 1
41 11
23 1
9 5
94 12
61 3
39 13
67 5
80 7
35 15
70 1
22 2
96 10
72 1
18 9
45 3
64 9
94 14
54 2
64 13
69 15
93 1
17 6
42 3
32 10
70 10
90 11
50 5
81 10
34 12
56 9
40 2
90 12
68 2
84 5
12 1
29 7
77 2
23 7
5 3
45 14
94 10
27 2
58 8
37 12
4 4
51 1
83 14
27 2
6 3
26 11
67 5
34 5
67 15
3 1
73 5
40 6
5 5
42 13
72 9
93 5
99 6
99 4
90 6
87 14
81 14
56 9
43 15
14 1
66 13
87 9
29 1
85 13
9 2
39 11
28 2
17 3
64 15
33 1
96 12
51 13
75 15
3 3
61 10
59 11
81 15
66 2
88 13
91 13
17 3
21 11
80 7
8 2
40 2
31 7
74 1
12 4
80 4
79 6
54 12
27 11
9 2
63 5
4 4
8 4
14 11
46 15
68 7
86 15
51 6
6 2
33 5
65 9
79 10
30 4
51 4
83 11
60 5
55 4
34 3
42 13
80 10
35 9
47 1
38 15
69 9
58 10
66 7
50 8
41 15
49 11
8 4
42 11
97 14
79 15
74 11
77 2
76 9
85 1
78 10
98 6
13 5
41 3
50 9
27 5
5 2
98 6
73 7
16 6
16 8
71 4
39 15
9 4
42 7
16 5
81 7
94 14
2 2
66 15
69 5
27 9
85 7
31 13
4 3
11 5
80 3
72 3
79 10
63 11
83 11
5 4
42 9
26 2
49 8
89 7
29 8
61 6
4 3
17 6
84 7
21 15
84 12
35 8
68 8
7 3
74 9
51 6
95 7
30 6
39 15
13 3
97 12
44 14
10 8
72 13
52 10
34 4
76 4
84 6
27 6
54 9
45 14
17 2
61 13
94 2
12 8
91 7
56 7
44 9
17 13
26 1
46 2
54 8
37 8
78 9
89 12
74 14
42 5
61 9
65 7
14 2
51 8
32 8
59 1
95 10
44 6
5 1
94 9
93 4
37 11
27 8
79 14
52 6
57 7
69 3
11 2
88 7
95 14
11 11
85 1
92 5
3 1
53 11
66 1
40 14
66 13
77 13
58 7
64 7
29 5
85 9
44 1
64 9
84 10
28 1
41 3
56 2
45 11
10 6
75 3
5 3
44 13
5 3
98 7
53 11
92 1
39 4
89 12
27 2
91 7
90 7
41 14
63 10
58 3
90 15
23 10
2 2
89 1
25 10
26 5
65 5
32 15
83 9
89 1
95 9
40 7
81 8
17 9
63 3
71 15
10 2
54 7
89 12
28 9
25 12
85 7
51 14
17 8
24 9
67 4
57 11
30 2
63 3
72 6
29 9
42 10
37 14
79 14
15 10
91 12
30 6
51 13
79 9
69 12
16 1
70 13
14 8
95 8
89 8
52 1
69 4
98 4
14 1
76 4
83 4
79 2
20 13
44 13
3 3
34 4
15 4
46 3
58 14
80 7
43 3
54 1
93 5
91 9
55 14
91 4
7 1
82 14
35 12
24 7
83 2
36 1
18 6
4 3
96 5
69 11
87 13
94 1
69 8
92 2
27 13
89 14
93 15
31 3
9 2
77 11
10 5
74 1
46 6
66 15
18 15
54 11
64 3
3 2
48 14
89 2
13 8
45 14
67 1
31 6
96 10
70 11
22 3
56 15
89 8
57 12
76 4
90 2
85 4
14 9
20 4
17 1
4 3
2 1
61 11
62 9
92 4
74 2
31 11
51 10
27 8
74 11
13 10
75 10
82 2
75 8
35 10
59 5
48 2
10 7
84 2
69 5
28 8
97 6
20 15
31 4
42 13
25 6
21 4
71 5
19 7
53 8
31 4
47 10
93 13
23 3
2 1
91 3
69 14
52 6
53 2
12 11
100 4
37 6
63 1
40 12
2 1
55 15
52 12
26 1
6 4
85 14
6 2
33 8
79 1
98 11
60 8
79 12
74 9
66 14
67 15
94 14
54 12
41 7
68 1
45 14
15 15
45 3
56 10
41 10
41 4
76 14
53 11
50 8
10 2
26 4
46 3
65 1
72 3
100 9
94 8
11 6
96 11
18 7
98 15
61 4
25 2
8 7
31 3
82 14
9 1
37 8
15 10
17 9
8 1
71 3
10 9
63 15
19 2
66 14
51 9
30 4
84 2
83 2
94 13
2 2
65 12
2 1
12 2
12 7
38 12
25 3
36 7
26 3
40 13
43 8
65 8
79 11
28 2
85 14
75 10
83 11
20 8
8 7
62 7
71 2
13 11
11 8
61 10
82 9
82 12
10 3
74 6
91 2
46 1
8 3
25 12
74 8
6 4
44 11
55 10
96 5
22 1
13 9
65 5
12 2
99 10
26 10
62 2
82 15
84 8
50 2
77 3
92 15
91 10
23 13
56 11
79 11
21 14
75 1
49 7
59 10
27 9
10 9
31 14
92 13
48 13
28 12
77 15
78 9
4 1
89 7
81 11
34 13
68 8
31 3
94 7
29 15
50 5
55 26
9 9
55 7
39 10
7 4
18 4
34 31
58 31
58 30
11 8
59 31
58 4
30 24
49 10
10 1
26 3
56 20
48 28
58 16
40 25
4 2
52 7
57 22
42 13
46 23
45 15
25 11
40 6
12 4
43 25
3 1
18 16
4 1
7 7
50 26
42 4
20 16
58 16
4 3
27 4
24 6
47 2
48 2
13 6
30 14
28 14
40 25
43 29
46 26
18 13
42 1
40 23
11 8
9 5
31 24
58 18
22 20
36 26
15 1
46 26
17 14
31 30
43 13
54 14
58 19
34 5
10 8
10 3
17 14
51 31
17 6
50 10
16 1
56 7
22 20
13 12
16 16
38 25
29 29
22 2
51 25
36 19
34 23
56 22
18 13
46 13
46 18
24 5
35 17
6 3
5 2
33 19
47 12
57 30
9 2
35 13
29 12
2 2
21 9
11 11
48 14
20 18
33 20
11 2
37 15
17 6
40 17
42 23
46 31
28 21
6 6
15 8
55 18
10 6
50 15
33 17
60 14
6 6
28 17
8 4
58 31
2 1
47 31
50 12
53 22
6 3
25 22
17 1
49 21
27 21
55 5
12 12
17 2
10 3
10 9
53 3
36 20
34 1
10 7
52 17
38 14
22 5
32 5
25 10
6 5
16 1
9 3
12 7
16 14
26 26
4 4
55 10
57 2
30 8
30 17
21 19
55 11
23 1
8 2
48 28
24 6
16 5
25 13
7 2
9 5
57 30
58 21
35 24
5 3
15 9
22 2
50 10
2 1
4 4
11 9
40 9
45 5
40 16
28 11
34 23
19 6
45 20
13 11
42 10
12 5
23 8
38 26
48 21
6 3
56 15
47 10
30 28
27 14
28 22
20 3
32 13
32 27
50 12
48 29
40 17
24 4
49 7
33 30
22 22
57 8
53 1
34 13
38 25
36 15
14 8
19 1
29 27
15 3
51 28
13 6
15 3
12 3
15 12
27 13
20 2
56 20
27 18
12 8
55 23
59 11
27 19
8 6
17 3
26 4
37 14
17 1
37 25
43 6
15 13
8 3
19 13
20 9
27 22
31 4
7 7
17 4
49 24
3 1
56 8
45 4
30 11
36 9
15 15
29 7
58 19
34 8
32 6
15 7
30 13
38 6
42 10
25 16
23 4
60 24
4 4
54 30
55 1
48 19
7 6
17 6
21 3
42 10
10 9
44 8
8 5
40 1
31 1
47 9
44 4
55 12
54 12
21 16
43 3
13 7
3 2
45 22
31 8
30 13
55 9
37 29
38 15
52 19
49 16
36 16
12 3
16 6
54 16
3 2
30 10
11 11
59 8
44 24
31 10
29 10
5 5
42 17
4 4
6 6
32 21
7 3
50 3
50 8
44 22
10 2
40 14
32 30
59 5
40 20
49 15
28 13
27 7
50 16
6 6
9 1
12 9
25 16
51 6
49 13
5 2
25 22
33 29
26 17
40 6
39 16
19 16
27 10
2 2
60 10
11 2
8 4
23 5
13 12
30 7
22 14
58 28
56 13
5 5
45 6
17 17
26 15
34 19
57 5
26 15
60 18
19 6
43 4
41 23
33 8
43 26
41 6
12 4
9 8
60 21
12 9
3 1
35 5
54 3
41 1
13 6
23 15
29 16
59 16
11 4
52 8
40 8
24 5
13 8
27 20
30 27
9 7
36 8
15 8
24 1
36 24
16 11
19 2
38 15
17 17
50 17
59 28
45 24
22 5
36 29
8 3
55 27
53 11
50 11
17 12
37 19
3 1
27 21
20 10
11 6
12 6
26 11
7 6
37 31
29 22
43 20
43 3
39 20
3 2
6 2
20 7
33 20
40 31
26 14
50 23
44 8
59 11
33 24
21 15
8 6
38 3
47 15
26 19
7 1
17 2
11 6
18 5
27 14
33 5
28 3
53 4
32 31
57 24
39 9
58 23
16 7
41 15
19 2
41 20
43 16
6 6
17 16
15 14
41 10
51 25
22 5
48 14
41 16
2 1
37 23
24 24
56 21
2 1
29 14
27 1
29 13
47 31
21 7
48 7
29 8
4 4
12 6
44 13
29 7
11 6
22 16
37 9
13 8
45 24
16 6
56 25
17 15
47 1
13 12
18 11
7 1
35 29
42 29
34 31
27 25
40 30
40 29
42 1
39 25
57 1
14 9
43 21
15 5
9 1
37 4
28 28
29 16
41 21
47 22
22 2
41 7
26 12
51 1
51 3
17 6
38 10
36 31
33 9
53 27
17 7
20 15
9 8
57 7
40 30
30 22
39 31
34 24
40 6
34 11
44 7
32 26
60 30
14 11
8 7
8 4
5 2
25 21
28 16
23 3
47 7
39 16
47 13
57 24
59 12
13 11
10 10
43 27
7 6
32 12
33 2
52 31
30 26
25 22
41 3
45 2
32 20
22 17
10 7
36 21
17 17
4 2
46 29
16 2
28 9
42 28
23 6
45 26
25 14
42 30
43 16
28 19
3 1
21 21
27 18
17 4
13 1
50 16
27 22
54 15
25 23
47 21
25 23
49 1
46 22
24 15
14 2
48 31
58 8
21 7
41 22
27 26
51 8
47 29
11 10
52 14
60 15
32 18
54 26
36 5
11 8
13 13
26 17
46 14
50 1
48 3
20 11
33 25
7 6
8 2
10 3
42 15
31 15
13 9
31 6
10 2
5 1
52 11
35 6
56 1
43 26
36 8
50 5
53 5
60 10
2 1
53 13
38 25
60 14
33 1
30 9
49 30
15 3
31 3
55 9
35 7
51 24
45 25
36 19
16 8
41 19
6 4
38 6
40 28
45 1
54 9
59 25
47 19
36 18
56 3
36 29
3 2
9 1
52 19
30 13
51 5
14 9
34 2
39 27
3 2
38 16
23 2
4 1
30 20
13 13
9 9
14 11
10 5
13 9
4 3
39 8
18 18
33 14
43 24
31 11
33 12
28 28
9 7
30 26
52 13
53 27
17 3
14 14
35 11
39 12
26 11
14 11
57 26
6 6
8 1
10 7
11 2
38 12
35 6
5 1
56 5
44 13
45 13
5 1
52 14
57 4
60 29
52 15
48 24
32 23
12 9
25 17
9 2
3 1
57 2
19 9
19 16
21 7
29 26
40 13
3 1
51 1
34 3
52 21
22 2
28 10
5 2
12 10
41 6
21 2
55 2
8 3
60 23
33 16
43 29
60 13
18 2
26 10
29 25
47 12
50 5
7 3
12 11
23 23
5 3
32 13
21 7
12 1
14 12
55 6
41 11
29 13
55 11
8 3
45 5
45 3
35 30
12 4
37 18
19 7
9 3
14 11
54 12
6 2
16 1
5 2
28 26
2 2
54 22
13 9
7 5
20 19
28 25
7 1
60 23
21 13
19 2
5 4
19 6
4 2
31 30
46 18
39 16
7 1
6 5
47 29
55 29
33 20
8 3
50 21
21 14
19 6
46 20
2 1
4 4
41 11
37 23
33 21
45 8
43 29
48 19
18 7
42 25
34 16
25 23
5 2
48 9
21 6
37 1
45 13
8 2
9 7
34 19
30 24
54 16
49 12
45 26
5 1
6 2
7 4
49 4
57 31
42 23
9 3
44 22
8 4
8 6
39 29
21 18
40 7
46 30
36 28
45 22
15 15
45 14
59 26
53 3
7 5
23 3
23 17
42 7
37 25
48 3
23 10
14 3
7 1
47 17
14 14
24 4
34 29
15 5
39 19
30 26
10 4
48 1
7 1
19 4
16 7
33 7
7 6
25 20
8 1
8 3
48 9
19 12
37 29
58 7
27 8
42 3
46 11
27 2
40 19
8 5
57 11
13 7
17 17
49 27
30 28
47 4
25 16
18 15
4 4
41 21
27 21
28 22
37 21
5 3
20 15
47 25
43 16
9 6
9 9
7 1
2 1
26 10
40 3
44 25
33 15
8 4
39 9
9 5
9 4
7 1
10 6
11 1
13 7
20 3
20 7
14 2
16 4
54 17
43 15
34 2
12 11
14 14
6 6
55 31
43 27
34 26
20 19
11 7
38 26
60 17
12 11
17 3
25 1
6 6
42 27
25 20
59 23
25 19
38 19
11 7
24 23
11 7
46 4
53 20
22 17
42 10
19 7
33 18
51 20
37 2
21 21
19 16
28 18
26 9
23 23
34 16
45 29
27 16
27 13
9 9
3 1
19 19
20 5
40 19
58 18
57 24
29 12
16 1
47 16
46 6
45 17
45 17
8 6
42 15
29 10
14 6
7 1
50 23
12 4
11 8
41 2
54 29
32 4
43 4
11 5
58 21
33 16
42 15
4 1
49 13
46 4
9 5
32 4
21 8
34 10
25 9
26 7
12 7
17 2
3 1
56 5
40 28
57 24
11 7
56 30
48 29
36 8
27 25
17 8
46 18
15 6
5 1
47 18
41 11
44 24
39 20
26 24
25 22
50 11
20 14
50 22
48 13
52 1
31 1
39 13
58 31
28 6
5 4
53 29
39 27
22 19
60 29
15 5
40 20
37 13
24 24
10 5
3 3
26 25
12 7
44 14
23 8
51 29
45 31
35 9
12 1
58 11
17 16
56 4
15 5
24 13
7 1
39 24
12 4
4 2
44 11
22 10
40 9
24 12
39 8
3 3
55 2
49 31
46 25
49 14
24 6
38 4
35 17
33 17
18 13
16 2
28 19
15 3
49 13
60 29
3 2
33 20
7 5
49 25
60 14
5 4
57 26
3 1
42 2
48 22
33 25
54 30
55 31
38 2
10 10
14 1
12 5
4 1
8 4
38 1
57 28
22 20
26 14
60 10
57 13
41 13
60 7
47 18
21 7
41 12
16 1
19 16
42 20
33 10
26 6
37 14
46 23
36 27
34 22
36 18
32 25
6 2
44 20
60 31
22 21
59 15
22 14
54 28
28 20
26 12
14 8
9 3
20 18
44 4
48 30
42 13
2 1
51 14
56 7
47 28
4 4
24 2
43 5
45 16
15 14
17 14
41 27
30 28
38 26
15 10
12 11
50 9
47 26
57 22
8 6
12 10
7 5
30 23
13 3
54 18
7 5
4 3
34 20
47 26
20 16
12 9
21 1
14 14
32 5
55 7
39 5
7 7
25 23
5 1
31 22
27 23
60 21
49 15
30 22
54 18
10 5
25 14
56 18
56 20
44 19
38 24
22 15
57 5
9 3
45 11
40 6
51 19
25 20
46 11
51 10
21 19
34 15
59 18
34 9
21 4
38 22
23 5
46 5
26 3
31 10
42 10
59 1
21 3
51 24
45 6
58 21
3 3
23 12
41 3
18 13
15 13
43 15
38 28
36 17
40 11
4 1
22 13
28 7
16 7
44 4
52 31
18 5
45 13
10 5
51 23
10 4
36 10
23 20
49 4
31 15
30 24
53 31
22 18
28 1
58 30
4 2
59 2
13 8
41 31
36 22
41 21
23 5
38 7
49 27
3 3
6 5
59 1
40 12
15 5
25 13
9 7
17 13
17 3
21 17
10 4
22 10
9 3
54 20
7 3
56 25
25 17
4 3
22 16
45 23
48 20
34 20
42 4
54 4
5 3
19 9
4 3
13 2
44 25
44 17
53 31
36 7
6 6
56 23
49 25
18 8
34 29
60 4
44 5
51 7
27 4
29 3
35 3
17 11
46 30
31 4
40 27
20 17
10 5
30 21
23 4
48 24
48 8
41 17
9 7
3 1
35 19
19 3
57 15
59 13
18 8
49 14
54 20
37 18
54 25
57 10
34 25
44 22
36 11
3 1
28 11
40 10
32 5
23 11
57 24
50 1
52 31
23 7
36 31
53 25
57 31
41 5
14 6
40 29
6 4
25 12
41 4
57 19
49 27
30 5
46 20
26 19
59 3
60 23
52 1
24 21
28 28
16 4
48 11
54 20
55 29
34 1
37 4
10 2
55 24
28 3
14 2
55 30
46 16
54 6
18 16
41 11
41 17
9 5
26 9
18 3
44 10
18 16
54 13
50 30
25 11
31 24
42 12
51 20
37 27
35 29
21 9
28 27
44 14
54 26
44 11
3 2
41 11
27 3
27 20
8 1
50 13
21 19
16 1
22 20
24 12
34 11
35 14
25 6
25 3
32 8
40 14
58 14
44 13
25 12
51 5
9 1
5 4
6 6
11 11
21 2
19 10
2 1
33 1
7 1
10 2
39 27
52 8
59 29
35 25
60 30
34 11
32 22
21 13
27 12
31 31
6 1
54 18
5 4
27 21
50 9
25 24
38 26
50 16
54 13
56 5
13 13
17 5
54 9
37 25
31 2
38 23
50 20
33 28
13 5
28 21
27 13
58 6
38 19
43 14
44 1
22 7
32 20
34 22
11 9
35 14
42 28
27 3
51 27
45 10
23 11
28 17
24 8
47 1
45 17
27 21
42 10
57 23
48 18
43 23
8 2
25 23
36 12
29 10
4 3
15 15
51 16
2 1
52 30
6 6
41 12
31 15
14 6
35 30
9 3
41 28
37 1
5 4
5 5
10 1
3 1
27 1
51 19
38 4
32 13
52 6
7 5
55 20
8 3
32 8
10 1
35 11
2 2
47 30
52 4
56 28
60 14
31 9
18 14
7 6
31 8
36 11
47 23
6 2
41 28
32 25
12 4
57 5
36 15
27 20
57 25
40 23
28 8
51 1
33 12
34 17
42 11
23 20
16 8
36 27
53 29
25 14
8 3
28 23
19 6
25 15
51 3
25 2
25 24
23 13
10 7
17 11
7 5
27 27
17 15
19 12
27 20
9 5
31 23
43 4
16 11
48 23
6 5
25 17
2 1
15 1
2 1
13 9
10 2
17 10
12 8
10 10
37 30
55 28
57 29
15 3
30 12
24 17
32 17
17 13
6 5
27 1
12 9
3 3
58 29
27 16
58 1
46 26
2 2
42 9
43 10
40 1
34 15
14 3
47 12
15 8
23 23
54 6
52 27
25 19
20 9
37 22
55 12
55 10
36 15
21 15
52 5
28 3
55 19
3 2
33 26
44 30
12 2
21 15
13 7
20 3
25 6
34 14
4 1
34 4
18 7
16 2
16 9
11 1
58 31
57 31
50 20
44 19
12 9
23 18
13 3
2 1
20 5
43 12
38 22
34 11
27 26
18 15
31 17
46 26
46 4
35 10
46 12
40 23
9 8
31 25
22 10
7 7
10 7
13 1
41 28
27 16
42 3
17 12
2 2
33 14
18 15
57 12
55 25
25 16
3 1
41 11
51 20
59 7
5 3
28 1
36 17
42 14
44 16
40 26
44 15
24 8
36 27
8 8
5 2
59 11
18 9
37 19
58 18
12 6
13 7
22 12
57 2
25 5
18 15
10 9
25 17
24 4
9 1
27 21
7 3
38 28
2 2
35 7
48 9
15 9
28 2
35 25
5 1
31 21
39 14
15 9
51 11
59 9
51 1
31 11
18 17
46 7
15 13
58 19
38 26
37 12
12 1
7 7
17 16
52 2
55 30
43 21
44 3
15 4
35 4
49 16
25 10
60 22
7 4
20 5
32 27
5 5
44 11
34 3
33 13
50 10
52 15
48 13
20 8
28 1
46 3
8 5
8 4
17 3
32 17
59 22
43 22
20 6
19 10
52 26
55 31
39 2
17 4
7 5
51 14
36 19
57 12
5 2
36 14
18 9
50 23
13 2
28 3
25 14
50 16
41 10
14 9
20 13
9 4
41 15
35 27
12 11
10 10
30 4
55 5
34 17
3 2
5 4
49 14
28 14
24 14
48 27
23 23
33 25
43 6
53 8
21 19
40 10
59 30
6 4
36 28
26 10
20 17
17 11
46 6
60 27
13 5
48 6
13 3
60 23
49 5
27 5
45 13
31 19
49 20
23 2
6 3
36 13
55 22
13 10
27 18
46 24
4 4
57 3
47 14
34 21
12 4
31 19
32 29
60 31
52 22
58 7
42 21
25 17
57 21
30 10
15 8
25 20
43 24
34 18
46 19
60 30
58 14
33 7
58 29
8 7
5 1
19 1
36 21
33 14
55 21
33 30
27 4
34 4
44 20
2 1
49 4
10 9
30 20
17 13
23 21
41 5
12 8
18 15
13 12
13 13
21 1
53 16
29 29
25 8
12 7
59 19
26 11
51 22
38 17
24 6
53 14
48 19
29 16
50 24
55 26
27 1
21 3
37 25
55 1
43 23
24 6
45 16
58 9
34 24
33 22
20 20
6 3
12 11
7 4
29 23
2 2
55 29
39 29
2 2
3 1
14 11
28 9
9 8
2 1
44 5
22 12
48 23
27 10
27 2
4 2
4 1
7 4
37 22
16 3
51 9
52 19
58 9
30 16
14 3
15 13
33 17
46 21
22 6
29 24
39 26
56 7
11 9
44 1
36 11
27 8
54 9
25 15
12 5
39 7
38 21
21 2
49 12
60 12
59 31
9 7
15 12
3 3
37 28
8 3
26 11
54 12
34 2
23 14
14 7
28 22
58 3
9 7
29 9
52 8
4 3
42 20
59 3
18 14
9 7
42 9
55 6
38 29
55 6
13 10
46 9
22 16
26 26
11 10
50 19
38 3
45 25
49 28
5 2
58 3
31 29
46 20
45 27
51 11
11 4
28 14
38 9
56 31
51 21
54 30
36 28
36 11
52 5
4 1
54 17
26 4
4 2
46 20
11 10
10 10
37 13
17 13
21 20
25 4
25 23
24 5
37 11
11 7
13 10
7 7
21 6
47 11
15 6
45 7
42 14
50 16
50 15
19 11
20 17
32 7
21 15
51 26
49 26
34 4
17 3
42 14
15 5
28 13
24 21
33 13
60 9
46 15
59 10
15 10
33 31
5 2
46 3
37 17
52 21
60 9
56 4
26 25
2 1
33 19
14 2
14 14
21 8
7 5
46 22
46 21
34 17
21 7
51 1
34 10
58 20
54 19
23 12
34 21
22 22
38 18
49 11
46 21
9 7
50 4
3 1
26 22
45 19
48 2
23 2
45 11
54 24
16 5
9 6
15 12
22 22
18 10
56 3
5 5
36 11
11 4
51 17
11 4
31 19
60 7
22 8
4 1
14 5
25 9
21 2
15 3
57 12
42 15
58 23
27 23
57 10
2 2
38 30
49 2
15 2
57 4
47 18
50 17
35 30
48 7
21 16
15 11
20 2
36 8
50 14
19 14
25 23
52 1
38 23
60 31
14 4
50 30
41 30
16 5
30 25
25 6
37 27
49 26
8 7
50 31
51 9
22 16
27 5
35 24
43 3
45 28
46 25
24 14
27 5
58 4
35 4
52 18
18 9
38 22
36 18
58 15
7 4
31 4
32 11
7 7
55 16
54 31
27 19
48 1
10 1
38 17
17 2
28 5
51 27
13 6
19 9
30 26
21 1
49 28
60 24
11 5
15 5
43 12
24 12
59 25
59 19
39 23
52 4
25 16
39 30
60 9
35 10
57 26
44 16
30 30
39 12
54 14
13 1
25 1
60 28
25 23
40 30
55 7
60 17
40 19
8 8
4 1
38 25
35 22
58 25
46 30
41 16
32 20
17 17
58 24
33 18
3 2
43 8
32 29
5 1
54 2
21 17
15 14
8 7
20 4
15 5
40 14
5 4
18 1
18 18
53 27
28 7
46 28
37 28
48 17
8 4
59 12
52 24
4 4
29 27
21 15
39 2
15 8
36 20
37 30
37 10
28 8
4 2
32 24
26 25
8 5
29 3
28 23
34 22
49 18
43 14
53 20
5 1
14 8
29 9
58 16
48 26
28 11
21 14
5 4
45 13
31 19
13 10
27 23
11 11
46 5
23 2
57 21
3 2
50 15
38 2
33 8
40 27
44 29
7 3
53 20
2 1
19 18
12 3
56 5
6 2
36 24
39 15
40 2
53 4
5 2
50 17
33 23
42 22
14 9
34 2
43 25
58 8
28 3
7 6
5 2
39 5
48 12
42 10
22 16
57 28
32 20
58 6
6 1
14 10
47 11
55 11
48 31
19 7
10 9
52 27
48 1
17 16
15 4
20 17
50 20
50 6
35 19
35 18
18 13
43 28
48 2
28 24
28 17
29 14
18 14
41 25
55 19
55 31
46 7
17 11
42 2
9 4
9 2
13 4
10 3
36 26
6 3
50 7
44 20
56 10
31 13
40 23
54 27
33 3
18 1
59 21
4 4
21 8
59 29
23 15
20 10
9 5
56 6
9 9
21 19
54 3
31 24
38 29
36 4
43 19
3 2
33 31
3 2
50 10
22 5
51 6
16 4
36 24
57 10
4 4
5 4
3 3
42 27
37 24
8 2
48 29
38 2
6 4
6 2
10 7
48 18
7 1
16 14
16 5
8 2
52 10
43 10
45 2
40 13
32 12
21 20
41 18
8 2
10 5
3 1
58 6
59 7
9 8
29 25
40 4
19 9
46 15
34 26
27 7
17 6
46 12
55 8
44 7
26 10
57 7
17 12
33 26
58 16
17 1
16 10
56 26
6 1
19 13
36 28
13 6
39 8
49 4
31 12
40 8
48 24
15 14
37 7
8 8
32 5
51 30
56 9
31 23
18 2
40 19
56 11
32 3
59 19
13 6
8 8
19 13
25 5
26 23
20 17
42 31
7 6
25 23
19 17
20 7
8 2
37 29
18 16
11 4
2 2
18 10
34 7
53 15
4 3
55 26
9 3
51 6
49 20
56 17
10 1
31 29
25 4
12 2
35 21
37 19
14 1
32 31
60 30
30 1
42 21
26 24
4 1
19 3
49 6
22 21
6 5
32 28
23 13
45 2
32 19
49 10
50 14
13 11
9 7
50 4
39 8
2 1
54 16
32 8
34 13
37 11
46 14
52 25
24 7
6 5
45 25
21 20
51 21
23 20
50 27
12 4
9 5
53 11
4 2
42 21
45 6
27 8
24 11
59 25
25 17
27 15
11 5
21 19
20 11
54 25
16 2
20 14
26 24
43 19
10 7
53 5
6 4
29 18
3 3
46 8
43 19
14 5
42 5
34 14
52 18
34 8
55 12
26 3
23 20
30 19
17 1
56 7
29 4
16 10
27 8
43 30
25 20
12 3
52 13
36 2
24 11
15 6
14 13
32 31
27 24
45 3
6 4
51 22
42 13
10 8
52 15
13 3
37 14
34 29
11 4
2 2
47 20
47 7
26 21
5 1
36 28
12 3
44 15
33 26
16 12
56 7
46 5
54 17
6 2
12 6
45 3
43 19
47 15
31 19
27 15
38 30
52 30
41 29
32 20
19 9
43 10
24 19
35 20
54 7
51 13
55 3
57 17
50 30
2 2
2 1
7 6
17 13
3 3
27 24
22 6
33 31
56 1
19 12
21 19
52 8
22 7
10 7
31 3
52 1
24 16
43 19
39 5
28 23
29 4
58 2
6 1
18 16
28 13
36 3
53 3
29 1
27 27
46 10
29 19
52 9
29 12
31 18
30 30
15 9
7 2
5 2
54 27
15 1
52 12
43 4
53 28
57 8
10 6
25 13
59 6
40 7
54 30
30 12
2 2
38 21
15 9
33 5
44 28
37 14
36 19
27 13
16 1
27 3
2 2
37 21
58 8
7 4
4 3
54 4
16 16
2 2
50 11
10 2
53 18
7 4
22 18
37 12
36 31
41 13
40 3
27 17
10 2
46 6
16 2
40 14
52 16
6 6
59 22
3 1
51 23
51 27
4 3
34 22
57 31
20 2
49 4
37 18
48 26
49 21
4 1
18 4
40 9
30 29
59 29
46 5
35 31
19 15
17 16
54 7
28 19
50 7
7 2
52 11
3 3
55 23
55 8
32 27
9 5
12 1
43 2
51 21
4 2
46 28
58 31
22 12
39 19
22 18
14 14
48 29
44 16
18 6
36 3
26 12
7 5
3 3
30 28
18 4
22 15
18 14
12 12
25 23
43 1
14 9
41 13
28 25
27 3
12 10
13 5
38 20
17 11
35 13
57 26
44 21
42 30
58 29
47 25
37 21
57 26
5 2
17 8
60 24
47 4
30 5
42 11
26 14
24 8
14 1
24 21
3 1
29 8
21 13
59 16
34 25
51 15
26 3
29 7
50 22
60 15
32 3
56 23
45 7
35 30
59 27
50 27
58 7
40 13
24 20
30 27
55 26
2 2
11 2
29 29
34 19
5 4
40 18
54 6
8 3
27 21
18 17
60 18
37 19
16 1
9 4
34 8
50 29
51 1
51 2
14 11
34 21
53 7
9 6
52 17
55 31
14 14
6 6
29 13
51 9
29 12
26 5
31 10
9 4
9 8
53 25
37 14
17 16
53 15
5 3
29 13
44 18
22 21
25 16
33 2
54 28
47 4
6 1
18 1
24 7
53 20
26 17
16 8
37 10
30 26
55 7
57 8
50 19
43 16
45 12
55 27
5 2
21 5
2 2
50 14
31 14
23 6
15 15
33 29
19 2
6 4
7 3
6 1
26 11
9 8
28 15
55 4
22 8
9 2
35 26
53 15
22 11
4 1
10 8
6 2
45 11
28 11
41 27
43 18
35 29
39 30
53 24
41 20
53 2
29 3
10 7
6 1
44 4
20 20
41 13
40 8
33 17
44 3
31 28
30 5
31 24
57 8
24 1
8 8
16 3
42 2
51 14
59 15
14 8
46 15
36 14
25 6
32 10
31 31
40 1
45 1
19 12
7 3
50 15
24 5
47 29
12 6
8 1
55 20
53 21
60 15
52 12
4 2
34 27
60 13
32 15
53 20
6 3
60 18
56 4
35 20
27 16
21 21
44 1
2 1
24 6
56 30
34 24
29 29
31 24
20 11
58 27
59 3
32 30
60 9
28 1
27 2
14 3
13 3
51 28
44 19
33 15
50 29
32 7
34 30
14 13
36 30
10 8
5 2
42 29
37 17
14 8
25 20
39 7
34 23
9 8
11 8
2 2
26 22
30 30
11 10
41 25
3 1
9 5
58 23
59 26
3 1
31 31
52 29
16 4
51 29
50 12
39 1
2 2
24 11
55 24
42 23
24 23
39 15
16 10
35 7
59 17
52 4
18 12
42 6
23 21
60 24
6 5
16 6
49 11
6 2
33 1
49 8
45 29
10 4
27 11
22 12
30 28
36 25
10 2
55 6
39 16
11 1
35 25
56 9
48 20
42 20
29 6
17 7
35 17
16 3
20 4
55 9
54 22
48 7
56 28
12 11
32 2
38 1
55 23
41 16
24 11
45 9
50 7
37 5
7 7
56 10
5 5
33 24
9 7
24 12
49 26
16 4
54 28
44 21
24 5
16 11
16 4
47 3
4 4
42 18
38 9
46 18
59 25
24 11
17 13
53 16
49 15
29 20
7 1
35 22
13 9
33 7
22 18
20 17
44 25
32 6
48 27
14 10
42 3
5 2
49 7
42 31
57 9
7 7
55 4
32 1
38 15
20 10
6 5
52 11
10 1
23 8
38 3
60 29
32 5
60 27
15 14
25 22
43 28
5 5
46 28
26 19
49 26
24 24
20 19
60 27
44 13
26 17
7 3
45 27
39 11
6 6
9 3
59 31
31 21
3 3
5 1
10 1
54 5
29 26
35 4
31 17
5 2
54 15
19 3
17 4
37 7
30 13
23 17
40 1
57 28
38 26
18 9
14 7
27 20
3 2
53 28
37 6
14 11
32 31
5 3
52 4
28 15
34 1
35 29
42 27
23 23
6 4
28 9
4 1
45 5
4 3
58 6
45 2
57 1
32 27
16 13
17 2
46 17
60 28
23 8
46 30
8 3
37 8
27 13
45 3
17 4
7 5
28 27
39 17
9 1
28 21
40 12
50 4
20 14
25 11
54 9
43 4
16 15
46 31
19 9
18 10
2 1
24 1
27 4
19 3
19 15
16 16
57 31
52 24
25 16
30 29
35 30
30 2
17 6
60 6
12 8
52 29
3 3
21 4
46 20
40 1
11 10
58 7
34 22
16 9
36 29
56 5
54 30
30 28
28 26
20 8
5 5
46 7
9 9
22 4
25 10
54 8
3 3
51 12
18 6
16 15
30 1
45 1
13 2
14 13
59 11
37 8
19 13
59 12
54 1
13 10
2 1
43 6
53 5
8 7
4 2
37 4
37 23
32 25
2 2
42 25
57 14
53 16
8 1
22 9
16 12
35 24
38 9
19 14
49 16
48 14
48 9
22 20
5 3
43 16
60 15
11 8
8 8
55 19
30 18
52 18
49 17
13 10
16 3
5 1
37 4
47 25
32 28
3 3
60 11
31 14
21 9
12 12
38 15
35 18
46 3
11 6
23 21
10 4
52 29
21 19
18 1
2 1
49 15
31 27
33 6
53 11
44 16
41 27
12 12
34 25
58 7
37 21
49 15
60 26
54 17
14 11
4 1
28 10
2 1
29 14
58 13
16 4
24 9
27 16
51 7
50 17
28 15
24 10
56 8
45 15
45 7
57 31
32 17
48 2
28 5
52 5
25 22
45 25
59 22
32 21
27 1
14 3
21 9
8 7
24 1
21 12
22 21
50 23
33 28
32 12
47 29
9 8
38 12
22 22
21 15
35 19
52 10
13 6
41 17
55 21
13 6
19 17
31 19
54 4
31 2
18 12
33 19
35 13
26 24
2 1
43 8
31 11
24 12
5 1
23 15
15 9
14 9
50 24
25 7
5 4
24 18
47 22
11 2
55 25
20 16
21 18
14 9
47 25
6 1
58 1
11 10
18 7
42 20
10 7
32 24
44 11
56 24
45 13
46 22
26 19
16 5
32 13
14 8
51 18
41 27
50 16
48 25
29 18
20 10
42 14
60 10
47 17
50 14
43 31
37 16
46 27
31 20
53 8
6 4
59 18
7 6
34 26
25 16
8 4
44 3
38 15
48 28
35 7
49 6
36 17
57 18
53 16
31 3
48 1
29 26
50 29
21 2
59 5
18 14
6 1
46 19
51 6
56 11
21 14
49 18
33 26
29 2
50 29
58 17
6 6
43 5
15 9
25 12
17 7
51 28
60 11
40 21
43 19
57 2
42 21
35 21
24 3
39 22
23 7
26 21
23 5
29 13
31 9
55 31
14 11
21 21
35 18
30 22
17 9
36 24
53 7
5 2
28 28
6 4
35 3
33 24
47 11
15 12
36 19
29 18
52 22
40 6
22 15
22 3
16 4
58 17
19 7
11 10
23 3
45 27
43 17
43 1
2 1
24 3
55 26
20 11
37 12
19 16
9 3
24 13
50 7
59 25
52 8
6 3
21 2
15 4
20 3
60 10
34 31
46 23
51 5
11 4
55 9
8 5
45 18
45 12
44 29
9 7
28 20
32 7
33 18
52 10
41 23
49 8
33 30
58 21
5 1
33 10
18 7
30 17
42 23
14 11
37 5
21 17
53 7
9 9
8 8
58 20
11 1
10 7
11 11
7 6
28 6
41 5
51 2
48 21
44 4
29 12
43 28
58 26
31 27
19 2
48 20
15 3
15 15
29 15
38 7
38 2
9 5
9 2
18 10
45 24
26 3
50 6
57 3
25 5
5 5
35 29
46 14
20 16
31 10
15 2
57 22
30 5
33 29
15 11
7 2
5 3
50 9
47 9
13 6
54 31
42 28
40 12
60 23
3 3
27 2
30 10
36 10
6 2
40 18
5 5
34 6
44 7
30 18
38 16
14 6
40 22
24 13
8 7
24 9
17 7
16 12
38 24
32 5
26 12
14 3
52 27
52 17
18 1
38 1
47 30
58 23
56 12
24 11
11 2
49 11
8 3
11 6
22 8
52 13
36 6
36 14
56 12
35 16
2 1
49 13
37 26
30 25
17 3
17 5
30 2
15 7
4 1
11 10
17 5
13 4
37 30
50 26
49 18
49 19
43 17
52 4
48 12
14 5
60 5
7 4
40 24
14 7
16 12
22 10
13 11
31 9
58 10
25 8
36 30
37 4
44 30
25 3
52 1
56 30
46 27
18 15
49 22
10 4
31 8
38 12
43 25
24 15
44 9
54 27
5 4
10 5
52 18
26 18
26 1
58 18
46 21
59 27
15 14
7 2
24 1
31 6
35 4
59 1
31 20
25 14
60 11
17 12
41 2
58 8
41 8
19 10
33 23
2 1
54 1
25 15
19 10
58 15
29 27
18 8
6 1
36 3
11 9
6 5
36 10
18 18
23 11
44 19
52 11
22 1
58 2
58 19
14 9
47 17
38 14
56 15
37 8
43 24
45 27
24 16
16 3
4 2
29 16
40 10
18 11
32 24
16 2
19 5
40 29
54 7
52 17
14 10
25 2
54 5
17 16
59 24
38 6
11 2
50 17
40 10
34 10
16 7
4 3
15 10
23 20
39 19
60 2
14 6
46 17
54 5
29 25
11 5
49 14
30 29
8 3
53 1
39 22
7 5
55 27
4 4
4 3
60 11
42 5
24 15
31 12
47 13
4 1
44 24
43 19
29 2
36 9
22 16
12 5
25 18
56 10
15 1
23 13
21 20
6 3
32 5
51 16
55 16
44 11
24 9
19 4
42 6
53 10
56 9
6 6
30 12
9 4
16 3
54 26
13 5
9 8
34 24
20 1
24 15
48 15
51 4
42 7
26 15
39 10
14 1
38 4
41 18
37 18
22 18
23 17
12 7
48 19
31 20
22 19
47 10
15 3
51 3
50 28
51 13
23 2
24 1
52 29
29 26
35 25
43 4
58 7
34 27
39 12
35 26
56 31
52 10
12 5
12 9
16 16
46 31
13 6
59 7
43 11
12 11
52 30
55 3
58 23
35 28
35 14
12 7
32 13
34 14
11 10
31 16
33 27
13 4
38 18
3 2
20 11
33 17
21 13
37 24
23 9
9 3
55 9
39 25
40 20
41 23
45 24
51 14
32 7
10 1
24 1
50 22
12 8
21 12
59 9
49 13
15 3
60 2
5 1
27 12
25 3
25 11
8 8
27 26
38 13
60 28
14 13
22 18
17 3
19 16
13 4
3 3
28 8
16 4
53 3
33 7
55 11
59 19
36 3
9 5
56 1
37 10
54 21
27 2
37 20
6 2
56 20
39 14
8 1
43 15
25 19
7 6
14 5
16 13
15 3
43 5
46 18
34 18
34 4
39 14
60 30
39 11
37 3
55 22
35 2
21 16
58 7
27 27
37 7
44 23
42 26
14 14
6 6
18 10
53 26
35 23
29 23
27 7
47 22
40 8
40 15
11 11
27 10
31 22
24 24
30 2
22 16
47 17
24 22
43 31
30 8
45 23
57 29
32 22
55 21
14 10
53 28
6 3
29 6
3 3
49 1
12 1
11 7
12 10
42 19
14 13
19 19
47 25
31 3
55 1
5 2
27 14
35 25
35 11
50 30
9 2
19 1
2 1
58 21
47 16
46 22
10 10
22 8
10 2
31 28
49 4
39 18
42 31
39 17
45 3
52 12
38 19
12 10
35 3
11 10
55 13
6 6
21 13
36 2
30 4
49 31
33 5
15 4
43 14
10 6
40 19
39 6
15 2
12 3
11 7
10 10
13 2
58 5
2 1
58 19
3 1
59 26
19 12
32 23
52 23
54 16
13 5
40 27
57 1
59 19
8 4
12 12
46 12
4 3
6 6
30 29
52 23
60 10
2 1
34 1
52 8
55 10
51 26
53 25
46 19
8 6
32 26
11 9
51 21
56 24
11 11
54 8
24 12
24 19
18 13
53 19
45 4
28 8
43 7
57 9
12 5
16 9
39 28
49 29
52 20
25 2
8 5
6 6
23 23
50 19
14 3
48 1
40 3
3 3
48 26
56 28
31 29
51 15
9 2
46 9
56 28
51 23
17 8
14 9
32 10
25 7
30 15
60 12
37 8
57 22
30 25
27 7
47 15
45 5
28 19
5 4
7 3
49 7
40 20
3 2
34 7
44 10
8 4
14 9
49 22
10 9
54 2
56 9
2 2
24 1
11 7
33 9
7 1
4 3
57 3
59 2
23 19
40 21
6 4
14 11
4 2
29 19
10 1
60 23
27 1
58 2
44 11
36 27
33 27
43 31
2 1
48 30
56 4
2 1
50 19
47 26
60 19
15 2
56 23
39 6
8 6
17 10
47 20
49 30
8 4
29 20
14 5
56 26
20 18
52 21
17 7
53 7
13 11
46 30
3 3
39 9
35 31
24 24
14 9
48 7
10 5
30 11
2 2
13 13
30 15
51 18
10 9
45 15
42 12
4 1
30 8
59 27
8 6
45 6
39 3
37 19
31 25
35 24
27 17
6 5
19 8
35 22
39 6
56 3
59 27
7 6
41 25
37 3
29 3
23 21
30 28
41 23
58 1
7 6
49 16
36 13
55 27
7 3
19 12
5 4
31 1
47 21
18 5
15 3
21 4
28 17
45 25
32 4
24 19
55 4
58 1
39 20
9 7
38 29
24 4
60 26
18 9
43 7
33 18
13 9
42 27
4 4
12 12
4 2
54 19
51 14
8 5
26 6
9 2
35 17
58 27
17 11
60 23
22 12
14 4
41 21
59 4
38 9
5 3
24 23
11 4
15 3
5 1
55 2
48 19
24 5
51 4
46 15
38 2
25 9
23 17
7 3
22 4
34 18
29 26
40 3
32 19
50 8
7 1
29 17
36 13
13 1
38 11
5 4
35 31
51 3
31 25
27 26
10 1
3 2
46 25
48 8
19 18
8 6
24 13
50 7
51 10
41 17
58 4
57 23
8 7
40 17
30 13
5 1
54 5
31 7
47 26
5 2
17 11
40 14
9 3
39 1
24 15
47 24
40 14
24 15
19 11
22 8
56 30
28 2
28 18
28 23
57 19
14 14
54 14
3 1
22 4
47 11
22 22
38 20
28 4
2 1
37 6
37 30
40 25
22 15
31 10
43 16
54 3
5 1
7 4
40 5
47 2
60 16
9 7
23 9
41 11
24 1
52 30
19 3
9 9
41 25
13 12
53 20
46 4
26 21
2 1
10 6
18 15
53 28
37 16
20 8
18 10
27 12
55 16
56 26
31 29
39 18
44 3
3 2
35 6
4 1
26 25
29 25
3 3
5 1
56 5
33 20
23 17
23 8
10 6
10 2
22 16
21 1
48 7
30 4
29 8
9 3
54 11
41 3
51 5
40 3
60 4
59 17
16 3
38 25
44 15
31 28
52 30
13 7
9 1
2 1
11 11
33 9
32 10
24 5
20 7
2 1
50 25
39 31
28 2
16 9
49 30
50 14
52 25
29 1
59 24
51 13
6 5
16 15
50 6
25 2
29 23
58 10
58 21
47 3
35 5
56 29
31 9
11 1
21 13
19 13
34 3
5 1
6 5
11 8
57 1
49 20
43 30
59 28
60 8
60 21
10 6
58 15
33 12
6 1
20 6
54 9
51 6
2 2
39 31
49 13
16 1
5 2
17 10
8 5
30 16
26 23
24 9
54 1
26 4
18 2
4 3
14 4
16 4
3 2
43 26
2 2
38 22
26 14
16 2
40 25
20 3
8 1
33 11
11 4
54 15
41 30
52 7
46 7
49 10
39 29
43 6
42 18
20 15
33 1
53 3
5 1
31 6
27 12
55 16
39 21
59 9
36 31
51 15
29 15
34 11
12 3
39 14
58 31
33 14
30 8
48 15
7 5
53 15
2 1
32 18
42 17
35 25
30 16
20 15
37 24
55 13
42 22
57 16
7 5
32 5
8 5
34 11
42 14
10 3
47 27
25 22
54 4
20 4
5 1
14 6
6 4
58 19
2 2
8 5
2 2
14 13
2 2
39 25
32 10
16 12
13 11
7 4
23 6
2 2
37 23
30 24
20 4
45 12
51 2
17 2
32 8
28 10
22 16
51 18
59 11
38 1
12 7
9 5
36 17
21 3
17 11
34 12
12 9
42 6
5 4
4 4
18 1
6 2
55 22
51 23
25 25
11 5
27 14
26 18
44 31
25 17
58 12
55 15
58 30
22 8
19 6
54 25
14 5
9 8
32 25
55 2
25 17
14 1
6 4
57 23
37 6
24 20
41 10
48 14
21 21
42 2
14 2
58 20
43 1
11 7
28 6
39 19
56 28
33 3
38 26
42 31
56 2
11 4
25 4
20 13
42 21
54 23
30 9
49 19
21 16
34 17
24 3
54 24
41 4
50 9
8 1
18 8
47 3
14 7
4 2
27 24
57 21
17 3
35 17
23 19
3 3
31 2
50 29
17 2
4 2
16 12
40 9
21 7
40 31
2 1
44 9
25 9
3 3
25 22
44 18
56 10
60 12
60 7
54 13
53 29
49 29
34 17
26 26
9 1
40 26
52 18
18 1
51 26
6 1
24 17
17 3
11 2
39 31
20 1
58 24
31 27
45 31
2 2
37 19
36 21
49 31
40 5
53 27
55 27
10 2
13 10
48 15
5 1
24 3
19 9
45 1
8 3
48 7
48 11
33 25
16 12
6 2
38 9
3 3
5 2
9 8
28 28
41 14
52 31
31 12
4 2
20 7
39 17
48 20
19 5
31 8
50 21
37 10
33 8
21 4
26 21
48 20
22 13
29 2
23 23
42 18
35 21
40 14
30 15
25 25
30 21
5 3
26 19
59 28
48 31
45 22
47 4
46 17
51 2
47 19
59 11
8 3
25 5
31 19
17 5
4 1
59 12
44 15
10 4
10 5
43 7
24 24
6 3
26 11
10 3
49 14
56 29
2 2
40 30
42 10
16 10
51 13
19 16
3 3
7 3
49 6
43 6
48 20
38 23
50 22
4 4
25 14
16 2
30 15
53 14
18 10
37 11
3 3
11 5
51 14
13 13
50 25
21 10
41 16
5 2
45 17
31 13
57 14
19 7
24 24
8 2
58 25
27 24
6 5
44 26
31 21
21 5
46 7
51 12
16 6
33 17
27 24
11 2
37 27
57 4
8 5
55 13
34 15
27 15
10 9
16 1
28 2
33 17
22 11
47 19
54 24
45 29
25 9
37 17
39 14
9 2
31 15
20 11
36 1
57 21
27 10
3 1
56 17
56 7
23 16
17 9
48 28
32 13
35 15
42 6
7 1
53 15
57 29
7 7
51 1
55 9
2 1
32 22
40 2
24 23
40 27
47 27
35 15
39 14
18 6
51 18
27 2
39 18
51 20
17 2
25 5
34 4
28 21
7 4
45 6
3 2
27 22
4 2
59 13
32 22
55 2
24 7
54 24
17 3
55 14
54 15
25 23
38 19
35 6
54 29
14 9
2 2
53 1
15 10
16 5
39 10
19 19
50 18
54 2
57 17
25 11
49 16
11 7
38 6
43 30
7 1
33 14
54 25
17 10
15 12
51 13
31 29
10 6
15 9
40 8
35 23
19 3
38 6
44 12
18 11
26 18
23 22
48 27
9 6
55 23
19 8
31 27
48 19
41 24
10 1
43 26
9 5
57 16
54 15
32 2
42 9
59 7
9 1
46 8
50 7
48 3
13 12
27 24
2 2
21 6
9 3
28 6
35 29
48 14
26 4
33 2
56 10
55 17
34 28
55 8
5 1
49 29
21 16
15 7
50 4
22 1
11 4
3 2
58 10
42 22
52 27
57 1
42 16
56 5
17 15
54 28
56 30
19 4
6 1
47 21
7 3
44 1
28 10
40 30
12 12
33 23
39 6
2 2
29 27
54 4
8 5
28 26
40 2
19 7
58 20
42 23
14 3
34 31
53 15
34 25
46 8
54 4
51 8
9 6
13 4
11 1
3 2
2 1
37 21
37 18
56 8
45 4
19 14
31 20
17 8
45 21
8 6
46 20
49 4
45 17
21 14
36 9
29 2
7 5
50 3
42 10
17 10
59 12
12 12
19 5
26 22
15 6
13 4
43 10
12 5
32 16
19 5
29 18
56 26
14 3
2 1
55 5
42 28
32 11
32 3
8 7
60 7
23 9
38 2
25 19
2 1
34 30
32 24
16 1
4 3
51 29
4 2
20 10
48 1
59 23
36 15
47 23
44 18
40 27
41 31
57 29
33 25
25 11
41 2
27 25
9 9
27 5
34 20
25 16
25 6
46 28
32 21
30 16
7 1
16 5
28 6
39 1
43 6
60 18
56 17
7 4
58 23
11 6
59 30
37 7
16 3
6 6
19 4
49 28
6 1
22 12
9 6
11 7
5 1
43 5
7 7
38 30
12 2
40 29
31 18
18 4
51 4
50 4
57 27
2 2
39 24
2 1
8 2
8 5
23 19
16 3
22 10
16 3
24 21
26 13
39 16
48 23
17 2
51 29
45 21
50 22
12 7
5 4
38 15
43 5
8 7
7 5
37 20
49 18
50 25
7 2
45 12
55 4
28 1
6 2
16 13
45 17
4 3
27 20
33 20
58 10
14 1
8 6
40 10
8 2
60 21
16 10
37 4
50 31
50 17
30 4
46 6
55 30
55 20
14 12
34 23
48 22
13 12
46 2
30 13
36 19
17 10
7 6
19 18
56 26
29 24
17 14
47 30
47 19
3 1
53 14
49 21
21 18
41 17
19 4
56 14
18 18
