7078 2191
457 431
6904 5277
8844 6922
4623 1520
1745 9430
3000 1651
6772 6550
7332 9243
2082 4427
7121 2614
1704 3191
2145 1177
7632 2080
6559 1625
2706 8896
998 7101
2167 5942
3375 6078
8960 5429
4321 5157
8192 1666
7613 8138
6545 6683
6354 3513
8843 7250
8147 3595
2372 2435
7573 6209
4668 1437
3941 4227
9257 4289
3050 4770
1034 4698
3012 2228
3446 7476
4817 3206
44 2497
5177 274
4581 6564
418 9713
6629 919
9729 2753
7061 3502
2445 2498
5071 5402
7925 5988
7508 718
3187 8745
3559 8155
5558 4035
7027 8187
960 472
195 7846
5567 9291
3388 3307
1338 3468
4797 8379
4839 4579
5200 7706
6179 5456
4343 2273
4890 9342
9917 785
8496 8536
1770 864
6901 217
9791 6085
980 3340
7962 3643
3169 7762
158 143
2034 6275
1727 436
7630 1426
3548 2871
4314 6954
856 4206
6443 3651
0 2066
4567 4695
3486 4713
5510 3923
7107 850
2951 4294
906 5044
7481 8734
8970 6671
8183 1800
490 9406
1523 7624
5986 5993
7306 8974
5831 787
5451 3402
7474 8685
2386 4883
2187 5903
5080 5571
4705 523
5385 4984
1546 8744
3445 5962
2188 9973
5194 4684
896 978
3288 7807
6774 2292
1026 8622
8150 4952
8743 9351
8306 9315
6201 443
2360 1597
8459 8566
9902 1176
7114 9813
6534 474
3484 8332
3060 7455
7127 4335
3611 7429
3734 1363
140 6897
1075 6619
6432 9981
2702 8171
8430 7846
7161 8549
2981 7319
9887 3166
9685 796
8732 5681
9949 7806
8719 5615
3613 3767
7287 6310
4902 1690
2609 208
640 2855
2445 2376
1449 9650
4822 1186
6986 1752
2440 5683
5604 6365
710 7406
9080 4423
9003 5801
7166 4565
9370 9040
5695 2163
148 6438
9212 2069
7753 9039
9267 5601
2797 5312
3311 1978
7810 6273
262 6072
6434 1866
8564 868
560 7802
1825 8033
2395 8707
7024 8269
9775 879
1354 3438
7888 6354
9913 6225
169 1127
8022 7708
9693 8352
3878 9453
1011 4054
6021 6937
2877 8885
5472 1078
9651 5588
6358 9403
4693 1962
5787 1022
1987 9087
8704 4717
1973 1277
8373 4868
6750 6130
6497 5415
2330 2465
1044 2277
7763 325
7959 9933
5746 7396
4299 9314
2433 8659
7871 3394
6528 9820
2900 1363
5546 7072
7422 4764
