110000010110011111000100100100000111100111101001010101100001100111101000111100111101111
111001111100111111111110000000101100010100111010000010001000101110000100000100010011101
000110001110101111100000000000101100110010101000101000101010101101011000100001111110100
101101111110100100100011010110111001101011101011100100000110100101001010011010010010100
010010100101011001011111010101000001100001010101000000100100111000111110001101100001111
011110001011001111101011011011100011010011100111110110101101000110000100011100110000110
101001110100000000111111101101111111101111111101101111011101110011001100101111101111101
001001001000110010110100100110011101010011110011000111000001011001010111101010101010001
110110101001010011110101011011110000111100010111010111110111100101110001100000110010000
010000100000110100001101100000010000010100110101001110001110011000100110010100001110101
101010101000101100111101101001001011011010110000001000001000111001111100100000110110110
000011100110011000001000100101110001111100111110000000011111010110110101101010100000110
110110001110001010010001001111011011010000011100101100110100110011100010011000101011001
010001011001011001010010010010011010100110000110000100110111011011011000110010010001010
110101110000110001001001110000000001111100000110111000101010101111110010000101000100110
000110001001100110100010110100101101111110110001011011000000011111000000101011101110100
111010010000100111011001000110010110011000110110000001101011010101010110010111010101001
001110111010001010001011001100110101100101111111101010101011011100011100110001011011111
111101011111000110101000100110010110100101100011011000010010100101000001100111011111001
011010110101010000011111110010000001000111110000101111000000001111000001111110111001011
000010111111110100100111001110110010100001011001100110010001010110110001001011001100110
111101001110011001001111101100101000010100100010100010110110111011111101110011111101011
001101011010101100000101111111100010101000101010101011010100000001111001111100101001110
111001101101010100111001100000110011100101100000101101100101000011010100001110110101110
001011101101011000101000100101100011111110110001101001010010110100001110100010110011010
110011111111111010110011101100001111100101001000001100111111110111011101000111100111110
010000000010011100000100010001010111100001000110001000011100010100111001110001010011001
000111101010100110100111100101001000101010001000001010000000110001110011110100111100110
111100101000010110101100011011010011110101011100100111000011100010010011010101101001101
110100011100001011101111010001101001110110011011000111111100010100010111001010010111010
011001011000000101100000000110001111110001111101101111000110110010111110010111110000100
101101010101110011111011100101010111000110111000000001010011011100000111100111100001111
110001101100101000011111110101101101101110110110110111000111110001000111001001100001100
011011110000101001010111010111111110100001001111101011001000001000001001100101111000001
001100111001111010011100010101010000001011001001111011011101111000000100111101000111010
010010110100101111100111011010111111101010001000011100111101101111001010001011000010010
111111010101011101101010001010111011010101011110110101111011000011111101010101110110011
111111011001010110100111001010001000110111100110001110111011011010010000011010011110100
010101111101000101101010100001101110011010100100100110101111010100001100001001110101110
111111100100000111011000001100101110100111000010010110101011110101000011001000110101010
000001000000101101111010110010001001111010110011001111101010011010011110011010011001111
000110010111011010001101001001011011101001110110100111100011101001101100001111000100111
000011001000100011001111100001011010011100001011010101101010000100101110111011011001100
001100001100110011011001111001111101001111000000110010000011101011111000001010010110001
001110001011001101001111111010111011101111011111000110100010000110110100001110000110010
101110001110100101011111001000001001100010111110100001110101001001100101100110101011010
111110001100000110100000101101101110110011100100010010000010101000110101011010111000000
110101001111000111100000100010000000011000110011110111011110111110100101110000110001001
010110110001000111100011100100101100010110000010010010011111101101001001010011100111010
011000011010110011110110100110010000011011001001011001000101100100011110110111011110110
011101101011101110001101010000010010011000011100011000110111110101100111110011101100011
011101000110011111000100010101101000000000011011000111010100010110111111010000111100011
010111110101101100101001100111111001110111100011010010111111101001110110000001000011111
101010101100010100001111001110010000100000100101010011111001000011100101001001111101010
000100100100001001011000100010010011110010000111101000000100000111000010100111100010100
101001110000010010011111010101000000011010111001111001110101110111101100001111011111101
011010000101001000000111000111001000010011010101000011101100111100011010110001000101000
001110100100100100111100010111001111000011100100101100110110101101001111010011100011001
101110101101110110111101000111010100110110100010100110001100100101011100110100101100011
111110011110011000110001010010110100010110101011010000110101101000110110100010100101001
011010001001110100111111000011011010111111011010101110100001001010010000110011111110011
111000101000100001000111110010111000101000110110001000010000010100110111100011100000010
001011101010110000001000011100110101010101001001010010100001010011100111010010110100100
011001001010010111010100100110111001101000100101110111001001000110111011101010001011100
000010000110100001100100111111011110101011111100011001111001111111000101001101100010000
101101011011011011101101001010011000000101110001100101001100101111001101100111001010111
100100110100000001011111011100110001101000110111000011000111111001101111010011010111011
011011001111100110101111010001111110010010000001101111100001101100111010011101100001000
